-8.48	-4.52	-9.46
-8.48	-4.52	-9.46
-13.55	-6.84	-13.79
-18.19	-13.31	-19.04
-20.39	-22.40	-22.52
-19.29	-30.33	-21.61
-16.05	-33.14	-17.58
-13.73	-29.48	-13.55
-11.78	-22.09	-9.58
-8.00	-15.26	-5.74
-3.72	-11.60	-3.66
-2.50	-11.66	-3.91
-14.34	-19.35	-9.40
-20.08	-23.38	-13.31
-23.32	-25.15	-16.78
-27.34	-25.09	-18.86
-30.82	-24.41	-19.59
-31.13	-24.11	-20.02
-30.40	-23.80	-20.81
-32.84	-22.03	-22.22
-38.39	-18.62	-24.11
-43.15	-14.77	-25.51
-44.07	-11.66	-25.21
-40.89	-10.13	-23.01
-33.69	-10.86	-20.14
-23.62	-13.24	-18.80
-14.83	-15.62	-19.90
-10.68	-15.69	-21.85
-13.43	-13.43	-22.71
-19.65	-10.99	-21.67
-22.28	-8.24	-19.65
-22.03	-5.98	-18.62
-22.77	-5.86	-18.19
-23.68	-7.63	-18.13
-24.84	-9.77	-18.25
-27.59	-10.38	-18.07
-30.33	-8.79	-17.76
-32.41	-7.08	-17.52
-34.18	-7.20	-17.64
-34.85	-9.09	-18.80
-33.81	-11.84	-20.94
-29.79	-16.72	-21.79
-32.53	-18.43	-21.48
-39.55	-15.87	-23.50
-45.10	-12.15	-25.39
-45.23	-10.38	-26.98
-39.25	-11.35	-28.75
-28.69	-13.37	-29.85
-15.81	-14.34	-28.81
-2.62	-13.31	-25.76
4.15	-10.93	-21.67
-1.89	-8.42	-18.98
-15.87	-6.71	-18.68
-26.98	-5.74	-19.53
-29.48	-4.88	-20.69
-24.90	-4.64	-22.64
-17.58	-6.10	-24.84
-8.97	-8.67	-24.84
0.12	-10.50	-20.75
3.54	-10.99	-14.71
-4.76	-11.35	-12.21
-21.73	-13.43	-16.36
-39.18	-18.25	-24.78
-51.51	-23.50	-32.35
-55.24	-25.57	-35.77
-51.33	-23.99	-35.03
-44.07	-21.00	-32.65
-37.23	-18.86	-31.43
-34.85	-18.55	-32.10
-38.33	-19.47	-34.18
-44.80	-20.81	-37.66
-49.44	-23.32	-41.20
-49.44	-27.77	-43.09
-46.69	-32.35	-43.52
-37.90	-34.48	-44.13
-38.94	-34.06	-41.44
-44.19	-34.42	-36.44
-47.67	-34.18	-32.04
-47.06	-31.37	-29.79
-44.86	-27.53	-28.26
-44.25	-25.70	-25.88
-44.56	-29.72	-20.63
-41.38	-29.72	-18.92
-36.01	-24.60	-17.94
-29.66	-15.62	-18.49
-23.01	-7.20	-20.63
-16.05	-3.78	-22.77
-12.02	-4.58	-23.99
-12.57	-5.49	-24.96
-13.49	-4.21	-25.88
-10.50	-1.77	-26.12
-3.17	-0.24	-24.84
4.64	-0.73	-21.42
8.79	-2.20	-17.52
8.79	-2.75	-16.48
8.30	-2.01	-18.98
15.69	2.20	-22.89
22.22	4.58	-20.26
29.30	7.08	-17.15
33.39	9.58	-15.32
34.67	10.68	-14.53
37.23	9.58	-13.79
38.76	8.06	-12.51
35.89	9.16	-11.78
31.37	13.43	-13.61
28.75	17.76	-17.03
18.43	14.40	-20.20
9.46	8.00	-19.96
0.18	2.14	-18.13
-8.91	0.12	-14.89
-15.44	3.60	-12.76
-7.39	19.23	-11.96
13.31	28.87	-3.30
20.45	30.15	2.08
26.37	30.46	5.00
33.45	29.85	4.52
39.79	27.59	2.20
42.18	25.57	0.06
42.72	26.79	-0.43
42.18	31.49	0.92
37.54	37.05	2.99
29.85	41.38	5.49
21.55	45.17	7.87
14.04	49.19	9.03
-0.37	54.02	2.75
-10.07	53.83	-9.89
-10.25	55.85	-12.57
-3.30	66.16	-6.59
5.13	66.16	2.32
5.80	60.97	3.36
2.93	54.87	1.16
-6.16	50.60	-3.42
-23.68	50.96	-7.08
-45.17	55.66	-6.59
-62.19	59.75	-1.83
-73.12	58.90	2.69
-82.09	53.47	2.32
-90.94	43.76	-3.11
-99.18	31.80	-10.62
-106.02	24.11	-17.33
-110.78	25.21	-21.00
-114.07	32.17	-20.20
-114.56	39.37	-15.81
-91.92	42.48	-12.02
-67.87	32.10	-24.54
-73.36	29.30	-28.56
-70.19	31.98	-28.56
-49.07	37.23	-27.95
-13.12	42.11	-29.60
6.47	44.68	-32.47
-26.06	43.27	-34.36
-82.03	39.79	-36.07
-115.84	37.96	-38.45
-80.26	40.10	-41.38
-48.10	41.99	-40.22
-26.73	47.24	-37.17
-10.86	54.87	-32.90
-0.49	58.23	-28.69
0.06	52.25	-25.57
-6.29	39.18	-24.54
-9.52	25.76	-24.11
-8.54	17.27	-20.75
-10.99	14.40	-14.95
-17.94	12.82	-14.28
-26.00	10.68	-17.21
-41.14	9.83	-16.60
-44.49	8.24	-14.28
-29.91	2.14	-13.43
-13.12	-8.79	-13.00
1.04	-21.06	-10.44
17.09	-30.09	-6.04
36.25	-35.83	-1.53
45.53	-43.09	2.14
32.65	-56.95	4.58
-7.87	-87.46	9.95
-35.83	-82.21	16.24
-43.03	-73.49	16.97
-46.14	-67.69	17.76
-42.72	-64.03	19.96
-33.81	-58.47	22.52
-25.51	-51.15	24.05
-19.59	-46.26	23.50
-16.66	-44.49	21.24
-16.24	-41.81	18.01
-10.38	-30.40	12.63
-10.93	-31.49	15.62
-11.47	-29.60	18.92
-9.03	-23.07	15.87
-14.89	-20.63	14.47
-25.39	-19.59	13.98
-34.73	-21.73	15.20
-41.75	-25.82	17.70
-49.99	-26.92	19.35
-57.25	-22.71	19.41
-52.61	-16.91	17.94
-38.88	-12.21	15.99
-17.09	-9.16	13.73
-4.09	-10.31	12.21
10.74	-10.07	10.07
25.57	-7.45	7.75
34.06	-3.97	6.65
34.18	-1.40	7.08
30.03	-0.31	8.12
20.45	1.16	9.28
10.50	3.60	10.13
8.73	5.07	9.95
10.80	4.52	9.70
14.95	1.95	10.31
19.41	-0.43	11.66
19.96	-0.24	13.18
21.61	0.00	13.49
20.51	-1.59	13.18
14.22	-3.78	13.73
9.70	-5.31	13.73
9.22	-5.31	12.57
13.37	-4.88	11.05
20.69	-5.19	9.77
25.63	-5.37	9.22
27.10	-4.82	9.58
26.79	-4.09	10.68
24.72	-4.33	12.63
20.94	-6.96	15.75
17.33	-11.78	19.53
16.78	-16.30	21.61
20.75	-17.52	20.63
34.36	-6.47	15.38
22.28	-5.55	13.37
10.56	-13.43	14.22
4.15	-26.00	18.25
16.42	-28.32	24.05
16.91	-19.53	23.68
21.06	-14.10	22.58
28.44	-12.45	23.13
35.16	-14.65	26.67
39.98	-17.94	32.90
56.09	-16.36	39.49
68.97	-3.72	36.50
82.70	12.51	32.53
90.82	22.40	30.76
91.25	22.22	31.07
90.52	14.95	31.43
92.41	5.98	31.31
95.28	0.00	31.56
96.13	-1.34	31.43
92.35	1.04	30.58
86.98	5.07	29.97
84.17	8.73	30.15
86.85	12.02	31.98
101.14	15.56	35.22
120.24	19.04	36.93
128.85	19.53	35.46
121.64	14.89	33.20
105.83	8.18	33.33
97.41	2.99	35.95
102.78	2.26	40.22
144.47	21.55	59.14
172.12	34.85	72.57
194.52	45.04	82.34
200.87	49.07	83.25
185.79	45.53	74.52
156.01	38.15	60.73
124.82	30.52	48.10
102.97	23.13	40.53
93.81	17.21	39.55
118.47	12.39	53.83
143.80	14.59	59.33
148.74	20.57	57.62
133.97	27.65	50.48
113.16	31.43	43.09
94.67	31.13	38.82
84.23	28.99	39.25
85.57	27.53	43.70
98.21	28.87	49.44
115.36	33.20	54.08
127.26	38.27	55.54
128.66	40.16	52.12
120.67	37.41	44.13
111.76	34.55	35.46
112.24	36.68	30.33
123.47	43.09	29.72
150.21	47.42	36.93
160.77	43.21	39.06
173.58	41.93	37.96
186.16	47.00	36.13
193.36	54.50	35.40
191.77	59.02	34.91
185.24	58.65	33.08
184.94	55.24	29.05
187.93	50.96	23.99
180.97	45.47	21.67
163.45	38.45	24.29
143.62	34.06	29.42
124.76	35.58	32.35
107.18	38.51	30.64
91.19	36.74	25.45
76.48	28.20	19.84
64.58	7.39	17.33
65.86	6.53	20.87
61.83	10.80	24.96
51.27	12.51	26.67
37.48	7.75	23.13
22.03	-0.43	14.77
7.26	-6.96	6.41
-5.68	-10.74	2.14
-15.14	-13.61	1.46
-17.15	-17.03	2.14
-12.82	-19.53	3.60
-9.64	-18.98	5.07
-10.93	-15.93	5.74
-14.28	-12.39	4.94
-18.92	-9.70	2.50
-24.90	-8.54	-0.79
-29.17	-9.77	-3.42
-30.15	-12.76	-4.88
-27.59	-15.69	-5.80
-20.39	-16.66	-5.86
-9.70	-14.77	-3.85
2.87	-6.41	0.18
0.49	-4.64	1.22
-5.00	-6.59	2.69
-10.38	-10.86	2.81
-10.13	-14.28	-5.31
-6.71	-13.18	-8.79
-6.23	-12.08	-8.48
-10.93	-11.72	-6.77
-18.19	-12.08	-7.51
-22.52	-10.62	-11.72
-18.19	-1.83	-19.65
-15.44	0.31	-21.91
-12.45	2.32	-23.74
-4.88	6.84	-20.08
7.14	11.72	-12.57
15.08	13.73	-4.82
12.27	12.21	-1.40
2.38	8.12	-4.39
-7.57	3.66	-11.35
-14.77	1.04	-16.85
-19.35	1.04	-17.88
-18.92	3.48	-15.56
-12.02	7.63	-11.96
-3.42	13.31	-8.48
3.17	27.47	-9.22
6.96	32.23	-14.16
13.61	34.00	-19.04
21.12	32.78	-22.89
28.02	29.11	-26.61
34.48	26.18	-30.88
43.64	27.04	-34.48
57.80	30.40	-35.71
71.35	27.71	-27.28
66.65	21.30	-22.46
62.01	15.50	-22.40
62.01	12.15	-26.55
64.03	11.17	-30.94
56.34	9.28	-28.93
48.34	5.43	-23.99
42.54	1.53	-20.69
34.48	1.89	-20.87
30.70	4.88	-23.50
28.99	5.98	-27.83
32.04	2.14	-37.84
30.03	1.10	-39.18
25.51	1.10	-37.96
22.58	1.16	-37.05
23.74	3.11	-39.18
23.25	7.02	-37.96
20.02	10.62	-32.84
15.75	12.51	-24.90
14.22	14.04	-15.50
17.15	16.05	-5.13
22.58	18.37	5.00
27.34	22.46	12.45
27.34	28.56	16.05
20.57	34.00	17.64
9.28	36.13	19.90
-2.56	34.85	24.17
-12.94	32.90	31.01
-20.51	35.34	40.28
-24.41	43.09	49.68
-39.06	48.40	57.56
-57.01	39.98	55.73
-81.67	28.69	54.20
-111.82	18.98	55.18
-143.37	11.84	54.87
-172.24	7.08	51.33
-194.40	5.49	49.01
-204.96	7.20	50.60
-197.57	12.51	53.59
-145.63	25.82	52.49
-133.48	23.74	43.58
-128.66	19.96	30.15
-121.58	18.25	17.52
-116.76	16.42	1.22
-128.17	15.44	-0.92
-146.55	12.76	3.54
-170.10	7.75	13.92
-196.72	0.37	27.16
-220.89	-9.40	38.33
-238.10	-19.23	42.18
-246.64	-24.05	36.87
-243.90	-23.07	25.63
-235.96	-19.65	14.83
-233.70	-17.15	9.95
-240.78	-16.48	13.00
-249.33	-16.66	23.13
-230.90	-22.22	38.94
-218.26	-27.95	33.94
-214.29	-34.24	24.11
-219.91	-39.79	16.78
-231.57	-43.21	17.46
-235.29	-42.24	26.43
-216.86	-36.38	37.96
-186.16	-30.58	43.46
-169.01	-30.70	40.95
-175.17	-38.21	37.05
-196.41	-50.11	38.88
-239.87	-69.89	53.77
-215.76	-71.04	57.80
-171.94	-68.05	54.32
-141.24	-65.12	47.30
-129.09	-60.36	38.64
-125.12	-51.39	31.31
-125.24	-39.49	26.49
-132.02	-28.02	23.86
-141.30	-21.42	23.25
-142.40	-20.32	23.74
-134.34	-21.36	24.17
-127.32	-22.40	23.56
-129.39	-22.16	22.52
-141.72	-20.02	21.91
-159.55	-16.97	21.61
-180.48	-15.75	22.95
-228.39	-21.36	34.42
-197.63	-22.46	37.60
-161.50	-20.87	30.03
-141.91	-17.64	21.73
-139.95	-14.47	18.01
-143.37	-14.04	19.78
-134.16	-16.36	23.01
-101.68	-19.41	22.83
-60.12	-20.75	17.70
-26.67	-18.01	10.44
-1.04	-0.92	1.40
-8.67	5.55	1.71
-18.19	5.25	4.03
-21.79	-1.40	6.65
-20.57	-10.31	8.54
-21.24	-16.91	9.58
-30.03	-18.13	9.34
-45.17	-15.01	8.18
-57.19	-11.96	7.32
-59.14	-11.66	7.87
-51.09	-12.63	9.70
-38.09	-12.51	10.93
-28.56	-11.54	10.31
-29.48	-12.02	8.61
-38.39	-14.53	8.00
-44.86	-17.15	9.34
-43.09	-18.01	10.93
-37.60	-17.15	11.54
-32.53	-16.72	11.54
-29.05	-18.01	11.47
-28.75	-20.02	12.33
-31.19	-20.69	14.16
-33.02	-19.53	15.93
-30.03	-18.68	17.21
-22.09	-19.84	18.01
-14.16	-21.30	17.52
-8.00	-20.45	15.32
-0.61	-16.60	12.15
8.18	-12.02	9.58
22.77	-10.62	8.24
50.29	-13.31	6.71
92.83	-15.99	2.87
147.28	-14.10	-4.09
195.07	-6.23	-12.15
221.37	5.31	-17.88
226.75	14.77	-19.41
218.38	16.85	-16.91
204.22	12.82	-12.27
175.17	8.36	-8.18
50.35	-1.83	-2.14
0.37	-16.72	4.15
0.61	-13.67	8.30
0.85	-5.31	12.08
-0.06	2.14	13.98
-4.82	5.13	14.53
0.61	9.34	15.08
9.58	11.47	15.14
4.94	8.73	17.52
-16.48	1.71	23.62
-42.42	-5.92	31.19
-61.65	-10.74	37.41
-74.95	-11.60	41.38
-87.28	-9.89	43.82
-119.81	-12.27	49.62
-105.22	-17.76	48.89
-54.32	-15.01	39.18
-9.83	-10.99	26.43
6.96	-9.58	17.33
5.49	-12.63	15.62
4.70	-16.60	19.41
17.21	-16.24	22.64
48.65	-10.25	19.90
96.80	-1.65	11.23
162.11	6.53	0.79
236.63	15.26	-8.12
289.67	27.34	-11.84
299.87	40.04	-8.12
271.00	45.47	1.28
224.24	38.82	12.57
191.65	25.51	21.12
179.20	14.95	23.32
169.01	10.68	20.20
151.67	10.80	15.44
125.24	12.70	12.63
99.37	14.59	14.10
92.35	17.09	18.98
106.75	21.79	24.84
127.01	27.40	29.54
140.32	27.95	30.52
141.36	19.65	27.71
126.89	7.08	25.02
105.47	-1.83	26.25
95.46	-2.69	31.25
131.90	16.72	46.75
170.47	39.98	67.44
180.36	42.05	72.08
185.67	38.70	68.12
178.34	33.63	58.65
152.16	30.09	50.11
120.67	28.63	46.69
104.00	28.63	48.40
106.51	31.07	53.53
123.17	38.15	59.69
146.67	49.13	63.60
169.49	61.95	63.72
184.33	75.13	60.49
160.77	66.96	46.63
140.81	45.47	39.37
123.47	28.56	34.42
105.41	21.36	32.59
91.37	23.07	31.01
86.18	30.09	25.88
87.22	39.12	18.31
91.43	47.30	13.06
100.71	51.88	12.57
114.93	52.92	15.44
125.92	53.28	19.59
126.28	54.02	23.25
118.23	53.96	24.60
110.29	54.20	22.46
108.28	57.37	18.80
111.27	63.54	16.66
114.38	67.99	17.94
98.51	56.15	25.21
88.20	45.35	26.98
82.21	39.06	24.66
77.45	42.54	17.70
75.07	51.57	9.22
77.39	57.86	3.17
82.70	57.25	-0.24
86.43	49.62	-3.48
86.12	39.43	-8.30
83.80	32.96	-15.38
84.53	32.84	-22.58
88.01	36.38	-26.18
88.68	38.94	-24.41
88.32	38.45	-17.52
90.45	35.71	-7.63
92.71	32.84	2.38
93.08	31.01	10.01
90.70	29.17	15.26
88.13	26.00	18.92
88.44	21.55	19.41
84.47	16.48	14.59
66.53	12.51	5.86
39.12	10.25	-2.87
18.74	7.08	-7.02
15.99	1.34	-3.66
30.33	-3.85	3.54
54.38	-4.33	8.97
75.44	-1.34	10.56
78.37	1.22	8.30
63.96	3.42	2.75
47.79	7.93	-4.64
39.55	14.47	-11.05
39.49	18.80	-12.15
41.99	18.13	-8.06
42.91	14.53	-3.17
41.81	11.17	0.18
32.84	7.81	2.14
15.81	6.35	1.71
2.99	11.05	-3.85
0.55	21.42	-14.89
6.65	32.53	-26.73
17.03	37.41	-32.10
22.34	32.41	-28.32
15.62	20.20	-20.75
0.31	7.63	-16.97
-14.22	1.65	-18.98
-18.74	5.25	-23.44
-9.03	14.89	-25.15
25.39	28.81	-13.98
28.38	27.34	-6.65
17.82	22.58	-2.44
0.85	22.71	-4.39
-12.88	28.56	-14.34
-20.08	31.62	-27.16
-14.95	31.01	-35.10
-1.22	32.35	-28.69
14.22	26.37	-8.54
7.32	23.25	-2.38
-2.20	22.52	-1.71
-5.25	31.37	-14.65
-2.20	37.96	-23.32
-7.69	35.52	-19.59
-8.61	31.07	-15.08
-2.87	29.11	-14.71
5.00	32.78	-20.08
11.54	36.62	-27.77
13.73	34.24	-33.51
13.06	27.28	-36.80
14.65	21.00	-39.55
21.06	19.71	-43.76
32.35	23.93	-49.87
42.66	28.75	-56.40
45.17	29.24	-61.52
42.48	26.61	-64.51
41.14	24.60	-64.70
42.60	23.38	-60.24
45.53	20.57	-51.15
49.68	17.94	-40.53
55.85	19.53	-32.17
59.45	25.51	-27.65
57.74	31.86	-26.06
55.36	34.73	-26.06
50.72	33.26	-26.86
49.32	36.44	-17.15
51.15	38.88	-5.74
46.87	37.90	9.70
31.13	33.63	26.67
5.92	30.21	41.99
-16.05	30.46	52.06
-23.19	33.26	54.63
-17.94	36.38	51.03
-12.02	37.17	44.62
-14.22	33.45	39.00
-25.88	26.18	38.39
-45.53	18.68	44.49
-71.11	12.33	51.88
-120.67	4.39	44.13
-151.06	6.04	33.39
-160.64	11.11	37.54
-167.97	13.06	44.92
-141.30	7.81	74.28
-117.13	8.48	87.95
-106.26	8.67	78.31
-135.19	8.06	11.90
-167.54	6.41	3.85
-195.56	2.20	18.37
-193.54	-2.62	39.00
-110.11	-4.76	42.72
-84.96	1.34	26.61
-87.16	13.55	11.41
-102.72	23.25	2.32
-114.50	24.48	0.49
-127.32	19.96	4.88
-143.43	12.82	12.51
-148.01	4.52	19.23
-134.64	-2.14	19.29
-117.98	-3.23	11.60
-108.03	0.06	2.81
-94.73	2.08	-1.22
-74.77	1.34	-2.14
-62.74	-1.65	-2.99
-65.43	-7.93	-1.83
-78.25	-17.40	3.05
-97.23	-28.08	9.70
-118.77	-37.41	14.77
-138.06	-43.33	16.97
-150.88	-46.75	17.76
-157.71	-49.38	19.35
-163.15	-52.67	22.64
-169.19	-58.65	26.86
-172.97	-66.89	30.70
-170.90	-74.83	33.69
-166.26	-81.54	35.58
-168.76	-86.67	36.32
-177.12	-88.38	36.99
-181.34	-85.33	39.43
-177.37	-76.48	42.79
-164.49	-63.72	44.92
-143.43	-53.28	44.68
-117.68	-48.77	41.81
-97.47	-48.10	36.68
-92.10	-47.73	30.88
-100.22	-45.96	26.43
-124.76	-42.97	26.98
-143.37	-45.29	31.49
-137.88	-46.69	23.93
-103.88	-38.02	12.88
-106.20	-23.80	19.96
-114.32	-24.05	23.38
-117.31	-27.59	23.44
-114.99	-29.79	19.47
-111.39	-28.69	12.88
-109.80	-25.82	7.14
-111.57	-24.23	3.60
-115.42	-24.96	1.77
-116.27	-26.37	1.95
-113.28	-26.31	4.09
-108.52	-23.68	7.14
-104.74	-22.22	5.92
-103.27	-19.96	4.03
-110.17	-17.76	2.75
-123.11	-17.15	1.95
-131.16	-19.71	0.85
-127.44	-23.32	0.49
-112.85	-22.40	2.38
-93.38	-15.14	5.55
-61.10	0.92	8.30
-56.27	3.05	8.24
-60.42	1.10	8.91
-64.21	-3.97	9.52
-48.52	-10.19	5.25
-24.60	2.32	5.68
-10.44	8.30	6.16
-4.15	10.25	3.91
-5.98	8.91	-0.37
-6.96	6.23	-3.85
1.77	4.15	-2.08
5.62	5.49	-0.61
-0.73	6.71	-2.01
-13.49	5.13	-2.44
-28.69	3.05	-2.69
-37.17	2.20	-3.54
-32.90	2.44	-5.00
-19.90	2.81	-6.41
-6.59	3.54	-7.32
1.46	5.19	-7.87
2.75	7.26	-8.30
-0.67	8.67	-8.79
-11.72	11.05	-7.26
-19.90	9.46	-6.23
-9.34	-3.17	-10.62
-4.82	-3.66	-12.63
-3.78	0.24	-14.28
-0.37	5.19	-13.79
7.69	8.85	-11.35
16.72	9.77	-9.16
21.12	7.08	-8.00
16.30	1.22	-7.39
4.27	-6.65	-5.74
-9.52	-15.56	-2.50
-19.47	-24.84	0.85
-21.67	-33.20	2.56
-18.13	-39.25	3.23
-13.92	-38.88	8.18
-10.25	-28.02	17.15
-9.52	-25.45	20.81
-7.26	-21.12	24.11
2.75	-17.40	19.04
13.43	-13.85	12.51
15.99	-6.71	8.48
11.84	-4.64	9.77
9.09	-4.03	10.01
8.91	-4.27	8.00
6.29	-6.04	8.61
2.50	-8.85	8.48
-1.83	-11.17	8.85
-5.49	-10.86	10.44
-11.90	-4.58	17.64
-11.17	-1.77	20.20
-7.51	-0.06	19.65
-3.23	-0.73	16.85
-4.94	-4.27	14.22
-12.63	-9.09	14.34
-17.40	-12.51	16.30
-19.65	-12.45	17.88
-20.20	-10.44	18.31
-13.12	-9.52	16.36
-0.85	-13.18	10.74
-7.14	-14.95	11.29
-17.03	-15.87	13.12
-24.11	-15.75	15.87
-29.05	-13.79	19.04
-28.08	-11.96	21.30
-18.92	-12.21	21.30
-11.29	-13.43	18.68
-10.13	-14.59	15.26
-14.47	-14.89	13.92
-26.31	-13.37	15.32
-40.41	-11.54	17.76
-46.14	-11.84	18.86
-43.52	-14.65	16.66
-39.18	-17.94	11.78
-36.62	-19.23	6.29
-35.89	-17.52	1.89
-37.84	-14.34	0.37
-45.53	-11.60	2.08
-55.97	-10.50	4.64
-61.58	-11.54	5.68
-62.13	-13.24	4.46
-57.56	-12.45	1.40
-50.66	-6.47	-2.14
-47.55	3.91	-4.88
-42.30	14.53	-6.84
-29.36	22.28	-7.93
-15.01	26.12	-8.00
-5.13	25.21	-7.20
-0.98	21.36	-6.90
-2.50	17.46	-8.79
-6.10	13.98	-12.94
-9.89	10.38	-17.03
-18.55	8.30	-17.76
-29.97	8.61	-13.79
-37.17	9.16	-7.81
-41.26	0.00	-4.15
-31.25	-7.81	-7.81
-24.11	-2.56	-10.07
-21.97	-0.55	-8.06
-21.06	0.43	-5.07
-20.26	-0.06	-3.05
-23.86	-1.28	-1.65
-33.57	-3.48	-0.18
-42.11	-7.45	0.73
-36.99	-11.84	0.61
-30.27	-10.07	1.04
-32.04	-8.97	1.22
-42.30	-10.74	0.31
-51.76	-13.73	-1.10
-51.39	-15.75	-1.65
-33.51	-13.43	0.49
-24.90	-12.33	1.34
-15.26	-11.17	2.75
-3.97	-7.02	5.86
6.77	-0.67	10.25
14.89	2.69	13.85
20.45	0.00	15.26
23.38	-4.88	14.71
23.93	-6.29	13.61
23.68	-3.05	13.37
24.41	1.28	13.85
27.16	3.60	13.85
31.74	4.03	13.12
36.13	3.48	12.51
38.27	2.81	12.33
37.41	2.32	11.60
26.06	-0.37	9.52
11.29	-0.37	7.87
11.23	4.15	7.39
12.70	5.80	8.30
12.39	1.77	10.93
12.51	-3.05	13.98
15.50	-3.78	15.93
19.84	-1.22	15.38
23.50	0.79	13.00
25.15	0.37	10.93
22.71	-2.08	11.11
18.07	-5.13	13.06
16.24	-6.41	14.34
18.43	-5.00	13.67
22.64	-2.32	12.63
25.82	0.18	12.57
26.25	1.04	13.24
23.74	-1.10	14.04
19.47	-5.80	14.95
16.97	-10.07	16.78
17.03	-11.54	19.35
15.32	-10.56	21.30
9.64	-8.54	21.12
3.66	-6.96	18.49
1.95	-7.57	15.32
5.62	-10.01	13.31
11.23	-11.66	12.70
12.94	-11.96	13.24
7.69	-12.57	15.26
-2.08	-13.43	18.43
-8.97	-13.12	21.36
-9.58	-10.80	23.62
-8.42	-7.57	25.27
-13.12	-8.85	25.76
-10.80	-10.80	23.01
0.37	-5.68	21.55
16.36	1.53	21.55
27.28	8.18	23.13
32.84	11.41	24.35
35.46	1.71	22.77
33.08	-5.00	22.46
30.40	-6.59	22.83
36.68	3.60	21.42
46.87	11.78	19.96
62.62	21.18	18.68
61.71	19.17	19.59
55.18	15.32	19.65
50.96	12.45	18.49
52.73	13.43	18.74
57.25	18.19	20.87
62.01	22.28	21.91
64.76	21.85	19.84
66.04	18.37	17.03
76.23	17.40	24.35
95.21	18.13	50.29
98.75	17.27	69.27
90.52	19.71	58.96
94.12	30.03	39.37
109.13	44.92	28.87
122.19	57.74	25.02
128.48	62.93	23.01
133.24	61.52	22.58
138.18	60.79	23.19
144.47	66.10	24.23
153.50	76.29	26.67
164.86	86.85	30.94
169.62	93.99	34.61
160.46	95.83	34.36
154.17	91.61	28.75
169.49	82.95	17.64
196.35	75.20	3.91
228.76	79.59	-5.68
262.51	96.80	9.77
289.12	96.31	11.72
310.18	89.29	8.61
315.31	79.47	1.65
315.61	69.52	-7.75
318.91	63.17	-15.44
317.69	63.60	-17.27
313.66	69.76	-13.24
313.29	76.17	-5.74
295.78	77.27	3.36
250.67	72.51	9.70
204.59	64.33	9.09
166.26	53.77	2.81
133.67	41.75	-4.64
113.04	31.49	-9.40
98.27	25.51	-10.38
83.80	23.07	-9.40
74.52	22.46	-8.73
72.33	22.16	-8.91
77.21	22.28	-10.50
87.65	23.13	-11.90
94.60	25.09	-8.97
89.54	27.89	-1.34
76.97	29.60	4.58
66.71	28.75	2.69
60.49	25.39	-4.46
56.52	20.94	-9.58
55.66	17.82	-8.61
58.23	18.49	-2.38
63.11	23.44	4.70
70.56	29.48	8.91
79.22	33.08	9.09
81.73	32.65	6.59
72.57	28.44	2.99
55.36	21.24	-1.40
36.74	12.94	-8.79
24.17	7.81	-20.02
22.46	8.73	-30.33
29.36	13.43	-32.65
36.87	16.85	-23.07
38.39	16.72	-5.68
35.28	15.32	9.09
32.35	15.01	13.49
31.37	14.89	7.02
30.03	13.43	-4.82
24.35	10.56	-14.04
15.75	7.32	-16.17
10.86	4.82	-13.24
13.61	4.09	-9.40
19.59	6.29	-5.74
22.40	10.74	-1.77
21.67	12.63	2.01
20.20	8.79	3.97
19.78	3.30	2.44
20.08	1.59	-2.62
19.41	4.03	-9.28
16.30	7.39	-14.40
11.47	9.52	-14.40
7.45	11.23	-8.97
5.92	13.00	-2.62
7.39	13.31	0.18
12.94	11.78	-0.12
23.19	11.05	-0.73
33.26	13.00	-0.37
38.64	16.54	0.73
38.39	18.55	1.46
33.45	18.13	1.34
29.42	17.09	0.67
30.70	16.42	0.49
37.17	17.27	1.89
46.51	20.14	6.16
51.76	24.96	13.18
44.98	30.70	21.42
27.40	33.63	28.02
7.75	29.79	28.99
-25.51	14.34	10.62
-41.44	13.31	1.46
-46.63	17.09	8.24
-21.79	17.58	23.99
-36.99	5.68	15.38
-56.27	2.08	5.86
-67.08	3.78	-7.57
-54.02	2.81	-7.02
-40.59	-1.10	-4.64
-35.22	-4.15	-4.09
-37.96	-3.72	-5.62
-43.58	-2.44	-6.23
-55.30	-2.62	-0.06
-61.83	-3.91	2.75
-69.76	-7.93	4.70
-75.68	-15.69	4.27
-77.33	-25.88	-1.40
-77.45	-38.39	-11.41
-78.31	-53.65	-21.61
-77.03	-69.52	-29.85
-75.99	-83.25	-34.67
-84.66	-92.22	-34.97
-103.82	-92.65	-33.63
-128.60	-72.20	-38.94
-102.91	-63.84	-36.99
-72.51	-60.49	-28.08
-72.45	-60.00	-29.42
-80.14	-65.00	-32.17
-89.17	-74.89	-32.17
-98.08	-84.41	-28.56
-105.83	-88.81	-24.35
-107.54	-85.02	-22.58
-100.34	-73.55	-23.13
-85.51	-61.58	-23.74
-67.93	-55.05	-23.01
-55.24	-53.22	-21.36
-50.84	-52.73	-19.17
-51.39	-52.49	-15.75
-58.23	-57.68	-2.93
-65.73	-60.79	1.40
-70.25	-59.88	-0.06
-66.16	-53.71	-6.59
-51.21	-44.49	-12.82
-33.69	-35.64	-14.53
-23.19	-30.21	-11.78
-20.81	-29.60	-7.75
-23.25	-32.35	-5.68
-26.55	-35.16	-5.92
-28.20	-36.13	-6.77
-28.38	-36.07	-6.35
-27.22	-36.99	-4.70
-26.79	-38.76	-4.88
-29.30	-39.49	-8.67
-33.08	-38.57	-13.31
-36.13	-37.41	-14.89
-38.09	-37.41	-11.72
-38.27	-38.09	-5.74
-37.17	-37.96	-1.16
-35.46	-37.11	0.12
-33.81	-36.13	-0.73
-32.78	-34.36	-2.62
-32.29	-31.19	-4.94
-32.35	-27.71	-6.77
-33.57	-25.82	-7.69
-35.16	-26.92	-7.87
-34.36	-38.70	-8.48
-34.12	-41.26	-7.14
-25.82	-28.02	-4.70
-23.56	-24.35	-6.65
-25.57	-25.82	-10.31
-30.88	-32.78	-12.76
-39.86	-41.50	-12.63
-50.11	-45.84	-12.08
-55.91	-42.72	-14.16
-52.86	-34.06	-19.59
-42.18	-23.93	-26.25
-29.17	-15.87	-30.40
-18.62	-12.33	-29.42
-13.61	-12.39	-24.11
-14.77	-13.55	-18.07
-19.23	-13.37	-14.77
-22.46	-10.25	-15.08
-20.02	-4.70	-17.76
-11.47	0.73	-21.48
-0.98	3.91	-25.33
7.45	3.54	-25.94
12.33	0.31	-21.12
14.77	-2.81	-13.61
16.66	-2.81	-7.57
19.10	1.77	-4.94
23.32	9.09	-5.37
29.79	14.95	-7.14
35.77	17.64	-7.75
37.78	17.94	-7.57
36.38	15.99	-8.91
35.22	11.35	-12.08
35.46	5.13	-14.83
33.39	-0.73	-15.14
21.61	-7.81	-11.47
14.34	-8.30	-11.54
5.62	-6.41	-16.60
24.17	-2.50	-21.85
36.38	-1.10	-22.71
40.34	-0.85	-19.96
33.39	-2.87	-14.28
19.71	-7.63	-10.07
6.41	-13.98	-10.13
-4.15	-19.78	-11.17
-11.96	-23.32	-9.09
-16.85	-25.02	-4.52
-18.92	-26.73	0.06
-19.47	-26.06	8.18
-15.93	-8.24	11.41
-11.96	1.83	11.35
-7.26	8.79	13.24
5.55	16.17	19.23
15.69	17.76	19.10
27.47	18.98	18.25
38.64	21.00	19.17
48.52	24.54	22.64
57.92	29.11	28.99
66.47	34.12	38.39
71.04	38.88	49.01
69.58	41.75	55.73
54.69	33.75	36.56
44.92	23.44	19.65
34.61	9.95	8.36
24.66	-3.91	4.70
18.49	-12.39	7.26
16.48	-12.27	11.47
16.11	-6.59	13.55
17.33	-1.40	13.00
19.59	0.43	10.86
19.96	0.24	7.02
15.20	-0.92	0.37
6.29	-3.97	-8.61
-0.85	-9.46	-17.15
2.20	-20.45	-20.94
3.91	-21.18	-13.98
2.50	-18.13	-4.58
1.71	-12.08	1.89
3.30	-3.97	1.89
4.70	3.11	-4.27
3.36	4.76	-13.31
1.46	0.06	-20.51
2.69	-7.02	-23.25
4.94	-11.47	-21.18
3.66	-11.90	-15.08
-0.18	-9.95	-7.87
-2.75	-8.06	-3.54
1.40	-8.24	-11.41
-0.12	-11.05	-19.84
-5.74	-12.08	-16.17
-8.73	-13.12	-10.07
-7.63	-13.43	-4.39
-5.55	-11.60	-0.67
-3.85	-7.51	0.73
1.16	0.43	-2.93
2.93	-0.43	-5.98
2.32	-4.46	-8.36
0.31	-8.61	-10.56
-1.59	-10.62	-12.63
-4.03	-10.62	-12.88
-7.39	-10.50	-10.74
-9.64	-11.29	-8.18
-9.58	-11.90	-7.69
-7.51	-11.84	-10.07
-4.46	-12.15	-13.49
-3.36	-13.55	-15.32
-6.41	-15.14	-14.77
-11.72	-16.05	-14.10
-15.20	-16.36	-15.62
-15.08	-16.11	-19.29
-12.88	-15.20	-23.25
-10.86	-13.18	-25.39
-9.58	-10.07	-24.84
-7.26	-6.29	-22.22
-1.46	-1.83	-18.74
6.84	3.66	-15.81
12.63	10.19	-14.47
14.10	15.81	-15.56
13.92	18.19	-17.15
15.93	15.44	-15.56
20.39	7.69	-11.17
22.46	-0.92	-7.14
18.74	-6.10	-4.94
11.23	-6.90	-5.07
0.06	-5.49	-9.95
0.85	-4.94	-12.63
5.74	-3.85	-13.85
10.25	-2.87	-12.76
9.89	-3.05	-9.70
4.82	-4.15	-6.71
-1.77	-5.74	-5.55
-6.47	-7.08	-6.41
-8.06	-6.71	-15.38
-8.91	-5.55	-21.55
-10.50	-5.00	-25.21
-12.94	-4.94	-25.51
-16.11	-3.97	-24.72
-18.98	-1.89	-25.39
-24.11	-0.37	-30.70
-28.81	-1.83	-34.06
-35.77	-3.36	-36.99
-39.31	-4.64	-38.64
-35.89	-6.10	-39.49
-30.58	-7.63	-40.34
-31.62	-8.42	-40.83
-39.55	-8.85	-41.14
-49.26	-9.89	-42.05
-58.59	-10.74	-43.82
-65.55	-9.83	-46.63
-66.47	-6.77	-49.87
-61.16	-2.50	-51.03
-54.99	1.34	-47.79
-52.73	4.33	-41.50
-53.65	7.45	-35.52
-54.75	11.23	-31.56
-53.71	21.97	-30.88
-52.43	29.11	-33.39
-51.21	37.29	-35.46
-48.52	43.95	-34.24
-44.07	46.75	-28.93
-38.51	46.02	-22.89
-33.75	44.74	-19.78
-33.39	44.74	-20.26
-37.90	46.26	-22.46
-43.58	50.11	-24.17
-47.24	56.95	-24.84
-47.97	64.51	-25.27
-45.04	69.03	-24.78
-40.28	69.82	-22.95
-36.80	69.27	-20.75
-37.29	70.56	-18.98
-42.79	75.01	-17.27
-50.29	81.12	-14.71
-53.16	76.60	-14.34
-48.22	66.28	-18.55
-48.52	53.04	-23.74
-49.87	54.75	-21.91
-46.08	60.55	-17.88
-37.11	68.36	-15.01
-25.63	75.99	-16.42
-17.03	79.16	-20.57
-16.42	76.66	-23.13
-23.93	70.98	-22.16
-34.30	63.96	-19.53
-41.44	56.58	-17.70
-44.13	50.78	-16.78
-45.35	49.01	-16.05
-44.25	50.42	-16.24
-37.84	51.33	-18.49
-29.66	50.66	-22.40
-23.32	49.44	-25.94
-20.45	48.52	-27.65
-24.90	49.19	-25.88
-36.87	52.61	-19.96
-60.79	53.22	-9.64
-67.20	44.62	-10.44
-75.20	37.11	-12.70
-86.12	35.89	-13.49
-96.92	41.38	-11.35
-103.52	51.27	-7.14
-105.83	63.23	-2.75
-110.17	73.43	0.55
-120.36	74.22	2.38
-133.36	58.47	1.53
-142.82	6.65	-15.01
-108.64	19.41	-37.35
-94.73	38.82	-39.79
-81.85	58.41	-29.48
-66.77	57.92	-35.46
-44.56	48.89	-54.69
-72.33	45.59	-55.11
-116.52	42.91	-48.95
-134.77	39.12	-43.15
-123.47	33.14	-42.91
-101.81	26.73	-48.34
-86.73	22.34	-55.73
-95.03	20.51	-59.27
-132.75	20.45	-55.97
-182.56	15.93	-47.24
-155.15	6.84	-48.77
-113.71	-9.70	-50.78
-86.79	-32.04	-50.11
-78.06	-53.22	-45.04
-70.13	-60.91	-37.48
-47.97	-47.12	-32.29
-16.11	-25.02	-31.19
15.14	-14.95	-31.37
32.23	-19.17	-28.99
30.09	-27.40	-22.83
19.23	-33.51	-14.89
7.45	-40.10	-6.35
-6.65	-51.70	2.32
-42.11	-94.67	21.30
-54.26	-112.18	33.87
-56.95	-111.33	44.07
-42.97	-89.90	44.62
-15.62	-62.56	37.35
16.36	-43.21	30.94
39.49	-32.10	29.79
42.66	-23.13	30.82
29.24	-14.34	29.72
12.63	-8.79	25.88
3.54	-8.30	21.24
2.69	-9.95	17.33
5.68	-10.68	14.16
10.62	-8.79	7.93
15.75	-6.71	5.80
18.43	-0.06	4.09
15.56	2.32	4.52
12.57	2.38	5.49
10.99	0.79	6.10
13.00	-0.92	5.00
18.19	-2.69	2.69
23.19	-5.43	0.61
24.48	-8.73	-0.12
22.71	-13.18	2.87
26.79	-12.15	5.43
38.09	-3.97	7.26
35.58	-1.59	6.16
27.65	-1.53	5.00
20.20	-1.53	4.21
15.99	3.48	2.75
16.91	17.09	-0.98
28.02	35.58	-6.65
50.23	49.50	-11.54
74.10	54.44	-13.79
88.01	55.54	-13.61
89.17	59.20	-12.08
82.09	67.08	-10.62
72.45	75.13	-9.58
69.27	65.92	-10.99
77.21	55.60	-12.63
79.53	51.03	-12.15
69.70	48.77	-9.64
40.59	43.64	0.98
47.42	56.03	10.62
61.40	73.30	17.82
69.70	74.16	16.72
73.79	56.76	7.93
77.09	34.55	-4.09
81.54	18.01	-14.89
82.28	7.39	-21.48
75.20	-0.79	-22.58
62.32	-5.98	-17.58
49.13	-6.29	-7.26
39.92	-3.17	4.46
31.98	-0.49	13.31
19.04	-1.95	18.98
0.06	-9.70	23.68
-20.26	-22.58	27.59
-34.85	-37.17	30.03
-39.12	-50.90	31.68
-34.55	-61.46	34.48
-28.99	-66.10	39.49
-27.83	-63.72	44.92
-12.70	-49.01	44.25
24.66	-46.75	34.73
47.06	-46.63	33.14
59.94	-37.05	34.48
49.99	-31.37	34.36
52.25	-21.91	25.57
65.92	-18.37	17.64
81.67	-16.66	12.27
101.07	-15.50	12.39
92.59	-13.49	13.43
72.69	-12.76	13.37
68.60	-15.20	11.11
64.51	-20.26	8.48
53.41	-43.70	9.58
41.44	-59.45	6.04
31.25	-53.59	1.77
20.87	-42.85	1.10
11.41	-29.05	7.93
21.30	-36.19	9.22
24.90	-42.48	4.03
-13.55	-62.56	-17.94
-44.98	-48.40	-14.22
-48.95	-37.96	-8.85
-46.02	-34.79	-5.07
-49.87	-39.18	-4.76
-70.25	-47.61	-6.77
-103.39	-56.76	-8.36
-136.90	-64.33	-7.26
-157.41	-68.12	-3.66
-159.97	-67.02	0.49
-151.43	-62.56	3.60
-143.68	-57.98	4.21
-140.44	-56.46	1.65
-136.90	-58.47	-2.32
-128.30	-60.12	-4.64
-113.59	-56.40	-3.30
-94.91	-46.57	1.22
-79.90	-35.40	6.29
-74.16	-27.65	10.25
-72.69	-25.82	12.76
-67.20	-28.69	12.88
-56.40	-32.04	10.80
-44.74	-31.37	8.97
-32.78	-25.76	8.97
-17.52	-18.07	10.13
1.16	-11.78	10.74
17.88	-7.20	9.46
26.79	-2.69	5.68
28.87	1.65	0.61
30.70	4.27	-3.23
35.52	4.88	-5.74
42.97	4.58	-7.32
53.89	5.31	-5.92
66.59	8.73	0.18
76.05	13.98	9.09
80.26	19.04	17.58
81.73	23.32	23.07
82.28	27.34	25.76
80.14	31.01	26.73
72.08	31.43	25.51
57.56	25.45	21.85
39.67	15.08	17.40
24.60	6.41	14.47
18.86	4.58	14.95
24.90	10.74	18.55
41.20	22.03	23.99
64.09	34.18	29.42
89.11	44.37	33.39
110.05	51.27	35.10
119.02	54.81	34.12
112.61	54.32	29.36
78.98	31.07	10.86
83.92	33.57	15.69
101.62	47.30	24.35
130.80	68.97	32.96
165.34	92.16	39.25
194.95	107.24	42.24
212.04	109.74	41.26
215.33	103.82	37.11
207.28	94.18	32.84
192.75	84.35	32.04
177.80	77.88	33.87
165.59	76.23	34.06
154.85	76.78	30.21
142.58	75.68	23.38
128.85	70.68	16.17
114.62	62.87	10.74
100.16	55.42	8.42
88.56	50.72	8.97
83.13	48.10	10.99
84.17	45.47	12.63
89.54	42.85	12.70
96.13	41.32	11.60
101.68	41.32	11.90
104.68	41.93	15.08
105.65	41.93	19.10
107.24	40.41	20.45
108.89	37.11	18.31
107.54	31.92	15.01
100.34	24.96	12.33
72.45	12.21	8.12
62.38	15.75	2.99
69.21	19.78	2.32
73.36	20.94	3.48
71.41	17.76	5.25
67.14	10.68	6.35
62.44	2.81	6.53
58.23	-1.34	6.59
55.24	-0.37	7.63
53.89	3.30	9.52
54.08	7.02	10.99
55.11	9.52	10.99
56.58	11.05	10.13
60.49	12.02	9.58
68.79	12.51	9.77
77.03	13.00	10.07
78.43	14.16	9.70
71.84	15.81	8.30
59.45	16.78	5.80
47.36	16.66	2.26
41.75	15.99	-1.40
41.32	15.20	-3.97
40.41	15.14	-4.88
46.87	16.36	-3.48
61.83	19.04	-1.40
67.81	21.42	-1.89
64.88	20.87	-4.94
55.11	17.33	-10.07
37.66	13.06	-15.75
22.95	11.17	-17.88
17.58	13.55	-15.01
21.61	17.33	-9.46
31.19	18.37	-4.03
38.94	16.72	-0.06
42.48	16.05	2.20
52.19	17.58	2.75
70.19	18.62	1.89
80.99	16.30	0.55
81.54	11.11	-0.98
78.86	6.90	-2.44
75.32	5.62	-2.75
72.27	5.55	-1.10
68.12	4.09	2.32
62.07	1.65	6.59
57.68	0.12	9.46
51.57	-0.06	10.62
23.68	3.42	14.40
15.81	8.48	15.99
17.94	15.32	15.50
24.66	21.06	13.37
28.14	23.01	11.29
34.55	20.57	11.05
57.07	14.53	12.70
83.56	7.20	13.06
94.60	1.71	10.19
86.30	1.10	6.53
61.95	6.35	3.97
31.49	15.69	3.48
5.31	25.94	6.90
-11.05	32.47	13.18
-20.51	30.76	17.40
-32.84	21.97	16.17
-55.18	12.82	11.11
-77.33	8.85	6.41
-81.42	10.31	4.15
-74.83	15.87	1.95
-83.01	24.72	-4.21
-131.65	40.47	-22.64
-105.16	35.95	-18.98
-71.96	28.93	-7.75
-38.39	24.48	3.54
-19.35	23.68	9.64
-17.09	24.66	9.22
-29.11	25.15	3.42
-53.83	26.43	-7.39
-91.06	31.13	-21.55
-138.00	35.34	-33.69
-174.80	34.12	-38.33
-179.75	30.03	-33.02
-152.77	27.28	-20.69
-116.33	25.02	-9.95
-94.91	21.30	-7.32
-86.43	17.94	-11.41
-74.83	18.25	-17.40
-39.67	22.09	-23.25
10.56	26.31	-29.60
35.52	28.14	-34.79
31.13	27.77	-35.52
22.52	26.31	-30.64
25.02	24.78	-22.22
36.32	23.80	-13.31
43.03	21.55	-6.23
31.43	15.87	-3.17
2.14	6.71	-1.71
-25.82	-4.09	1.53
-38.51	-13.98	3.66
-35.71	-17.21	-0.85
-22.95	-11.23	-11.72
-12.88	-2.20	-21.73
-2.32	4.39	-25.88
15.14	7.57	-23.44
30.70	8.24	-16.72
41.63	8.30	-10.25
55.91	9.64	-8.06
82.09	14.34	-11.11
117.86	23.44	-15.87
133.30	33.81	-17.82
97.66	39.61	-15.26
34.67	39.49	-8.91
-5.80	36.62	-1.34
-10.74	33.45	4.70
0.92	30.40	7.69
7.20	26.86	7.14
0.98	23.19	5.25
-0.79	19.17	5.74
13.67	15.75	7.81
39.73	13.55	8.91
67.26	10.86	8.67
88.62	7.93	6.29
100.10	6.10	2.44
97.66	5.68	-1.10
88.87	5.25	-3.17
86.43	3.78	-2.93
94.42	3.11	-0.24
104.00	4.88	3.05
100.10	6.84	4.39
80.20	4.94	3.11
54.93	-1.10	0.49
33.39	-7.51	-1.28
22.71	-11.05	-1.77
21.79	-11.60	-2.01
16.42	-9.89	-1.83
8.48	-0.12	-1.89
19.53	6.10	-3.85
24.35	8.48	-3.05
27.53	3.11	-0.37
20.51	-4.64	2.38
12.21	-3.36	1.22
53.34	4.03	-1.83
70.68	8.18	-0.61
75.38	6.23	-0.18
63.35	-4.21	-1.04
41.99	-5.74	-0.61
32.23	-4.21	1.04
9.70	-3.72	1.59
-1.59	-1.59	-1.40
-11.66	2.26	-4.52
-21.55	3.72	-5.86
-30.09	0.85	-6.10
-33.87	-3.66	-6.23
-31.86	-6.41	-5.62
-23.01	-6.23	-4.15
-9.09	-4.39	-2.81
3.60	-2.87	-2.08
11.54	-2.20	-1.28
14.77	-1.89	-0.31
14.40	-1.53	0.55
10.56	-1.46	0.79
4.09	-2.44	0.67
0.61	-4.21	0.92
3.17	-5.31	2.20
6.65	-4.70	3.54
8.12	-2.75	3.72
8.24	-1.22	2.87
6.23	-1.40	2.08
2.81	-3.23	1.83
-0.06	-5.62	1.83
-2.50	-7.57	1.46
-4.09	-8.61	0.55
-3.05	-7.87	-0.55
-1.89	0.98	-4.46
-12.51	0.37	-6.53
-20.02	-1.77	-8.36
-20.02	-3.30	-10.13
-13.61	-2.87	-11.17
-4.21	-0.79	-10.68
2.56	1.34	-9.22
2.38	1.89	-6.65
-3.66	-0.24	-6.04
-5.68	0.24	-5.49
-3.72	2.38	-4.15
0.61	4.76	-2.44
3.36	5.37	-0.92
1.59	3.78	0.43
-1.83	1.53	1.46
-3.48	0.73	2.01
-4.70	1.46	2.20
-6.65	2.14	2.44
-6.77	2.01	3.23
-3.91	1.53	4.33
-0.18	1.65	5.19
2.38	2.38	5.37
4.52	3.66	5.19
6.84	5.49	5.07
6.35	6.65	4.76
0.85	5.80	3.97
-5.19	3.97	2.81
-5.37	3.48	1.53
-1.10	4.70	-0.37
0.67	5.62	-2.62
-4.03	4.21	-3.66
-12.33	0.55	-3.17
-6.23	-2.50	-4.70
-1.04	-1.34	-5.13
-1.83	-2.26	-5.25
-8.42	-4.76	-5.37
-15.38	-6.84	-5.62
-15.62	-5.31	-5.86
-15.20	-4.46	-5.25
-17.58	-5.80	-3.85
-19.90	-8.06	-2.38
-18.86	-8.67	-0.49
-13.73	-7.26	2.20
-6.35	-5.37	4.64
8.85	-3.48	5.55
13.18	-2.62	4.15
14.34	-1.40	2.38
8.91	-1.71	-1.28
1.40	-3.54	-2.87
-7.45	-5.49	-3.60
-14.16	-6.71	-3.23
-16.42	-6.90	-2.26
-15.87	-6.90	-1.16
-15.14	-8.00	-0.43
-10.25	-8.06	-0.55
-1.59	-7.02	-0.31
5.98	-5.62	0.12
6.90	-5.25	0.31
0.49	-6.71	0.18
-7.75	-9.09	-0.06
-9.77	-10.38	-0.06
-3.91	-9.40	0.37
2.99	-7.69	2.01
5.49	-6.90	4.09
3.78	-7.26	4.33
-4.15	-2.56	12.33
4.58	2.50	5.98
3.23	7.63	-1.59
-4.76	9.34	-7.32
-12.21	6.71	-8.73
-16.78	2.01	-5.92
-21.12	-0.73	-0.67
-30.09	-0.12	5.98
-40.34	1.16	11.96
-43.27	0.43	14.40
-38.15	-2.08	12.27
-27.22	-3.66	6.35
-12.02	-3.05	-1.34
2.87	-1.71	-7.39
13.06	-0.73	-10.01
16.78	0.61	-10.74
14.53	2.93	-11.41
6.96	5.25	-12.94
-5.13	6.41	-14.89
-17.40	5.49	-15.99
-23.01	1.71	-15.50
-18.98	-4.27	-14.40
-6.41	-10.44	-14.40
18.01	-17.52	-18.80
12.82	-8.91	-27.89
9.40	-4.33	-30.52
3.54	-6.77	-31.13
-7.87	-14.89	-32.59
-21.12	-23.07	-34.97
-30.94	-27.16	-35.28
-35.83	-27.16	-32.29
-33.33	-25.88	-29.60
-24.11	-25.57	-32.53
-13.24	-26.73	-41.93
-0.67	-28.44	-52.61
11.54	-28.69	-59.75
16.17	-27.04	-62.19
10.62	-25.88	-60.85
-16.66	-30.88	-55.79
-18.25	-32.47	-54.75
-11.29	-31.62	-53.22
2.01	-27.34	-48.89
22.58	-18.55	-42.72
41.08	-8.36	-42.30
54.63	-0.49	-50.96
66.28	5.49	-61.46
72.27	11.72	-65.06
71.66	19.35	-59.69
66.22	27.65	-49.26
54.69	53.53	-34.79
54.87	72.33	-38.21
56.58	87.34	-47.06
56.76	92.10	-53.16
51.64	87.40	-50.29
40.59	80.14	-40.22
35.89	71.41	-19.71
55.66	70.62	-11.41
84.78	74.65	-2.87
112.49	81.42	7.93
139.71	81.05	33.81
131.16	72.39	38.64
114.01	63.54	37.17
97.60	56.52	36.74
83.50	50.72	41.81
76.42	45.65	50.66
80.81	40.83	58.78
90.76	36.68	64.15
99.79	36.56	68.48
108.52	43.64	73.43
117.07	55.48	78.74
117.25	65.61	82.70
103.03	67.87	83.44
81.42	60.67	79.83
65.37	47.73	72.75
60.73	34.30	65.00
65.06	24.72	59.94
71.72	22.16	57.37
73.67	26.98	53.28
58.65	39.37	38.88
57.37	35.28	36.32
62.13	24.78	33.51
63.60	13.00	25.51
57.98	3.48	14.53
46.87	-3.11	6.16
31.62	-5.43	3.60
13.67	-3.11	5.07
-1.53	0.18	6.16
-9.46	0.73	5.55
-9.34	-1.95	5.00
-3.05	-7.45	5.25
5.68	-13.67	5.86
13.79	-15.99	6.59
17.09	-13.79	7.26
2.99	-11.47	2.44
-11.90	-14.40	-6.16
-13.24	-17.88	-9.03
-15.26	-23.56	-10.07
-18.37	-30.33	-10.13
-23.50	-37.48	-11.47
-32.35	-45.04	-13.67
-52.86	-54.38	-14.22
-58.59	-54.44	-12.45
-59.20	-54.93	-9.64
-56.58	-58.72	-6.29
-55.85	-65.98	-3.66
-59.08	-74.40	-3.42
-64.51	-79.90	-5.86
-72.20	-80.51	-8.06
-82.64	-79.04	-6.23
-94.73	-79.28	-0.24
-107.18	-81.36	5.19
-119.02	-82.76	6.16
-128.91	-81.12	3.23
-133.73	-76.54	-0.55
-133.00	-71.66	-2.56
-129.03	-69.82	-1.83
-125.79	-73.79	1.65
-126.83	-84.05	7.81
-127.01	-96.07	15.32
-120.42	-102.29	20.45
-111.69	-98.94	20.32
-105.47	-90.70	15.62
-103.76	-86.43	10.01
-108.83	-90.70	6.29
-118.41	-100.77	4.58
-128.30	-109.80	3.36
-135.50	-112.00	1.28
-135.50	-106.69	0.79
-123.60	-97.78	5.68
-103.21	-88.93	14.65
-83.68	-80.81	23.07
-67.99	-73.12	26.18
-47.00	-63.90	11.66
-49.74	-62.07	4.94
-64.58	-70.50	29.91
-69.03	-69.95	32.84
-70.86	-55.85	26.43
-63.17	-47.30	18.31
-51.88	-43.09	8.42
-44.62	-44.80	-0.31
-47.00	-49.44	-5.13
-52.80	-52.86	-5.19
-55.54	-53.59	-2.20
-48.77	-51.21	6.35
-39.25	-48.89	9.58
-27.16	-44.62	10.50
-15.81	-38.94	10.31
-6.65	-32.96	10.68
-1.04	-27.40	11.90
-0.67	-23.13	13.06
-5.19	-20.87	12.63
-12.45	-21.73	9.58
-24.29	-38.45	-1.83
-20.51	-51.57	-7.08
-14.04	-60.67	-10.01
-11.41	-61.22	-9.83
-13.92	-54.02	-7.57
-19.23	-44.56	-5.25
-24.35	-37.90	-3.36
-27.65	-35.64	-0.79
-28.32	-36.50	1.89
-26.98	-38.27	2.87
-24.05	-40.83	1.22
-20.87	-44.56	-2.01
-27.10	-49.87	-4.03
-34.42	-47.73	-2.56
-38.57	-42.60	-0.92
-35.71	-37.29	1.46
-26.49	-34.00	4.70
-15.32	-32.84	7.20
-7.69	-31.92	6.10
-7.26	-26.43	-7.14
-10.86	-26.79	-12.45
-15.93	-31.62	-12.88
-21.67	-38.02	-10.74
-27.59	-43.46	-10.38
-31.37	-47.73	-12.51
-30.21	-50.90	-13.79
-27.28	-51.15	-12.08
-28.38	-46.08	-9.89
-32.78	-37.05	-10.74
-36.68	-29.85	-15.69
-40.22	-30.40	-22.16
-51.09	-52.37	-24.11
-58.17	-60.36	-20.81
-62.81	-58.78	-20.94
-62.01	-49.74	-25.33
-53.65	-38.51	-29.05
-41.44	-28.38	-28.32
-32.41	-20.32	-23.93
-29.54	-14.40	-19.71
-31.86	-11.41	-17.82
-35.28	-12.39	-16.30
-36.56	-17.52	-12.94
-37.72	-24.78	-9.58
-41.20	-31.37	-9.28
-45.96	-35.77	-12.27
-49.32	-37.41	-15.87
-48.71	-35.89	-16.97
-43.82	-31.86	-14.10
-36.87	-27.34	-8.42
-26.98	-19.23	-1.71
-27.53	-16.42	-4.52
-29.91	-17.52	-10.13
-32.90	-22.89	-16.05
-35.83	-29.11	-20.39
-35.22	-32.29	-22.34
-29.97	-31.13	-21.36
-23.38	-27.77	-16.97
-19.96	-25.33	-11.29
-23.74	-25.63	-7.81
-33.20	-27.77	-8.85
-43.46	-30.15	-15.56
-49.93	-32.53	-25.88
-47.85	-35.58	-33.02
-36.56	-39.06	-31.13
-22.64	-42.11	-20.57
-16.48	-44.25	-7.26
-24.17	-46.81	1.16
-40.95	-50.84	-0.18
-55.79	-55.73	-8.67
-62.01	-58.47	-16.66
-60.24	-55.36	-18.62
-53.47	-46.94	-14.28
-43.76	-37.54	-7.08
-34.61	-30.15	-2.56
-31.86	-26.67	-4.21
-37.72	-28.50	-9.83
-48.28	-34.48	-15.69
-57.25	-41.08	-19.65
-59.69	-44.86	-20.45
-56.34	-45.47	-16.42
-53.71	-44.07	-7.45
-55.85	-41.50	2.75
-59.33	-38.76	8.54
-59.51	-36.93	7.81
-55.42	-36.93	2.93
-47.36	-38.15	-2.14
-38.15	-39.12	-4.70
-31.80	-38.02	-4.15
-30.40	-33.75	-2.32
-33.33	-27.89	-1.77
-37.60	-23.44	-3.36
-39.73	-22.64	-5.43
-37.17	-28.63	-3.11
-38.64	-31.56	-1.59
-42.54	-32.04	-2.01
-46.26	-29.05	-4.09
-46.51	-22.64	-7.57
-43.15	-14.16	-12.88
-31.74	-2.62	-28.75
-26.86	-3.97	-35.28
-24.48	-6.59	-39.00
-24.72	-5.37	-40.77
-25.76	1.28	-42.11
-27.22	10.93	-45.47
-29.48	19.65	-50.60
-35.64	24.90	-52.19
-59.69	21.48	-51.39
-71.90	21.48	-57.19
-77.03	23.50	-66.47
-69.89	25.94	-76.05
-52.43	29.72	-82.95
-34.30	37.11	-87.10
-22.46	44.62	-90.82
-16.48	48.10	-96.31
-8.85	55.48	-111.76
-1.77	65.92	-115.78
9.89	79.22	-114.14
24.17	93.38	-105.90
32.78	106.93	-93.08
34.24	117.86	-82.15
28.69	120.36	-77.33
16.42	108.22	-78.25
7.14	85.39	-82.89
3.30	65.00	-86.36
-2.44	57.13	-84.47
-13.18	58.90	-76.84
-24.78	59.51	-64.58
-34.06	52.67	-51.15
-44.31	41.50	-42.24
-61.52	33.57	-40.65
-81.97	31.43	-43.70
-94.06	30.58	-46.39
-94.30	26.79	-46.69
-86.43	21.97	-44.74
-72.14	20.63	-40.65
-53.47	23.62	-35.83
-36.62	27.22	-32.53
-25.88	28.26	-31.01
-23.99	25.45	-29.48
-31.68	20.81	-27.34
-42.36	19.23	-28.20
-47.97	22.34	-33.51
-46.14	26.06	-39.25
-39.12	26.61	-42.42
-30.70	23.56	-42.66
-36.99	17.94	-38.70
-50.48	11.29	-39.31
-42.11	3.11	-40.77
-44.19	-13.12	-42.42
-47.42	-19.53	-43.70
-45.35	-25.76	-46.14
-40.41	-29.60	-48.03
-31.01	-28.50	-46.63
-15.20	-23.62	-41.63
1.16	-18.74	-34.91
13.00	-17.64	-27.89
19.53	-21.12	-20.32
20.45	-25.39	-12.15
18.37	-25.76	-4.46
14.89	-23.07	1.22
5.07	-21.91	5.07
-10.80	-25.76	9.40
-25.45	-35.89	15.93
-33.75	-50.78	23.74
-31.07	-75.44	39.43
-26.79	-75.01	42.91
-20.51	-64.58	38.64
-11.17	-47.79	30.27
4.39	-30.09	26.67
26.49	-18.43	30.03
44.56	-16.30	35.52
45.29	-21.36	39.18
30.33	-28.99	41.32
14.95	-36.07	44.13
7.87	-39.31	48.22
8.00	-35.77	52.25
12.02	-27.71	53.71
17.82	-20.63	50.60
24.17	-17.94	44.86
31.19	-19.96	40.65
34.85	-24.90	39.00
28.56	-29.11	37.17
13.49	-28.81	34.24
-11.05	-14.89	34.12
-10.56	-8.73	36.87
3.48	-9.40	34.73
8.30	-12.94	31.92
11.29	-15.38	30.27
22.77	-11.60	28.14
29.30	-7.45	26.67
33.14	-4.27	25.02
28.69	-5.25	24.66
22.89	-7.69	27.04
29.48	-5.92	29.24
38.15	-2.44	26.79
62.44	1.40	23.38
77.03	0.67	23.25
90.58	0.18	23.44
99.98	3.23	23.86
103.27	10.31	25.09
102.97	18.25	27.10
105.65	21.55	28.08
112.79	18.37	27.28
121.64	11.54	25.88
125.61	5.74	24.90
129.64	4.27	25.39
136.29	9.28	28.69
156.13	31.62	40.65
167.11	38.88	42.72
171.33	39.25	40.95
170.53	31.92	38.82
166.75	20.69	38.02
169.43	12.88	40.28
192.81	13.92	47.24
237.37	24.66	59.02
280.03	41.02	71.59
298.22	57.56	77.03
304.26	70.37	72.14
304.44	74.52	59.14
280.58	65.86	40.59
238.53	45.10	23.56
195.68	19.71	19.17
164.67	-0.98	30.33
150.45	-8.91	48.71
147.58	0.24	64.03
161.56	23.01	72.33
189.82	46.94	74.89
213.68	55.73	69.64
194.03	40.41	67.44
160.83	22.64	68.48
123.29	12.02	68.66
93.44	11.84	63.48
77.82	17.82	53.83
73.61	24.05	44.98
76.72	26.18	42.36
82.82	24.23	46.69
89.78	21.30	54.08
98.63	21.79	59.20
109.44	28.32	59.14
125.98	50.90	49.38
126.40	56.64	46.45
126.53	57.25	42.18
133.85	55.30	37.66
146.73	50.29	34.06
161.25	43.82	32.84
175.66	40.89	33.81
191.77	45.96	34.24
209.96	58.59	31.80
221.92	72.20	27.83
228.70	79.16	23.93
237.43	75.74	21.18
247.68	64.94	20.51
246.52	53.04	22.71
227.05	43.58	26.92
198.00	39.43	29.66
129.88	41.75	24.78
110.72	42.48	19.65
131.90	41.08	14.71
144.96	41.99	20.08
138.00	40.16	27.71
113.77	34.18	30.70
78.49	25.33	26.18
44.31	15.62	17.27
21.24	8.30	10.80
10.25	5.00	12.33
10.38	5.31	21.85
19.96	9.03	34.30
33.20	14.04	43.52
37.84	16.24	42.42
26.12	13.18	29.42
5.80	5.98	12.82
-6.59	-1.28	3.05
-3.48	-4.09	3.36
9.40	-1.53	9.03
21.85	3.97	13.67
24.48	8.79	14.40
14.04	9.89	11.23
-2.99	6.53	5.19
-14.10	1.53	-2.01
-10.62	-1.34	-6.41
5.68	-1.65	-3.85
24.66	-0.73	4.82
35.28	-0.43	13.79
35.52	-1.77	18.07
29.72	-2.75	15.99
21.18	-1.46	8.42
13.06	0.12	-1.04
7.75	-1.59	-8.61
7.75	-7.32	-12.02
13.24	-12.63	-10.62
18.19	-12.33	-5.31
17.03	-7.63	0.67
10.31	-4.70	2.93
3.11	-7.51	0.61
-0.67	-13.92	-2.81
-2.69	-21.91	-5.25
1.22	-24.11	-5.55
11.84	-27.65	-7.02
24.35	-32.47	-9.64
21.79	-34.00	-17.15
0.67	-28.20	-34.85
-19.17	-18.68	-55.36
-23.86	-11.78	-63.11
-19.10	-8.67	-54.75
-13.98	-5.49	-42.05
-11.17	0.18	-36.50
-10.13	6.84	-37.41
-10.50	11.17	-38.02
-2.56	3.78	-28.26
8.18	2.50	-25.02
5.80	9.89	-30.09
0.79	16.30	-38.33
-2.44	18.55	-46.94
0.43	16.78	-53.59
11.35	13.79	-57.50
34.48	16.91	-51.64
33.20	23.68	-40.41
26.86	31.56	-28.75
22.64	37.60	-21.85
23.25	39.43	-19.90
27.53	37.66	-19.10
33.75	35.16	-15.01
41.81	34.91	-5.74
50.84	38.21	8.06
59.33	44.49	23.99
65.61	51.21	38.09
66.96	54.14	46.87
61.58	51.21	49.74
50.84	43.33	49.19
34.06	34.73	48.77
11.29	29.36	51.64
-13.43	26.18	58.96
-35.77	20.57	70.25
-51.09	11.60	83.92
-60.79	6.23	94.12
-73.24	8.67	94.97
-82.15	13.92	85.08
-83.31	17.15	65.61
-88.75	17.09	42.18
-99.06	14.53	24.90
-105.22	12.88	19.10
-107.54	13.43	21.48
-110.96	14.10	27.47
-116.33	13.43	34.61
-125.98	11.17	39.37
-144.41	8.24	38.88
-169.07	5.31	34.24
-186.22	0.73	28.93
-185.55	-6.47	24.90
-172.61	-12.70	20.81
-158.57	-11.60	15.69
-137.63	4.15	10.31
-133.36	7.81	10.99
-136.90	7.51	14.16
-137.33	4.64	21.30
-126.89	-5.86	25.33
-148.32	-13.55	-5.98
-147.95	-16.97	7.51
-172.97	-18.98	19.84
-174.13	-22.22	24.35
-169.13	-28.69	20.26
-176.03	-31.62	15.75
-193.60	-35.28	16.05
-226.26	-37.66	21.55
-272.83	-37.72	28.99
-334.11	-36.13	37.60
-379.03	-33.26	47.55
-358.28	-31.43	55.11
-292.54	-34.97	55.30
-244.26	-43.15	48.16
-248.41	-48.16	28.75
-271.42	-31.01	26.61
-221.07	-27.95	38.09
-178.71	-32.71	36.99
-154.17	-37.11	29.17
-152.34	-38.76	19.65
-155.21	-36.68	14.65
-146.79	-30.94	15.87
-129.76	-23.13	20.32
-115.30	-15.62	23.74
-110.41	-10.68	24.60
-114.50	-8.06	24.29
-132.32	-7.93	26.25
-169.49	-12.63	33.57
-156.80	-11.35	36.25
-125.85	-7.69	34.48
-98.82	-2.62	27.10
-83.62	1.59	17.33
-74.95	1.22	9.58
-62.74	-4.03	5.55
-42.18	-9.83	3.30
-24.54	-11.90	1.46
-21.55	-9.16	0.55
-60.36	2.08	5.13
-84.17	2.81	10.50
-90.21	-3.11	14.40
-85.75	-12.33	14.22
-90.09	-17.09	11.29
-101.75	-13.79	9.64
-105.16	-6.53	10.80
-94.60	-1.77	11.96
-78.12	-2.75	9.95
-76.23	-9.95	5.80
-97.72	-20.81	4.27
-124.39	-29.85	7.32
-142.64	-27.77	11.96
-136.60	-23.19	11.54
-120.54	-24.23	12.15
-103.70	-29.66	14.47
-92.77	-34.42	16.30
-93.93	-36.50	15.93
-101.07	-36.93	14.47
-103.88	-37.35	14.77
-106.93	-40.53	20.26
-110.84	-47.79	31.25
-109.19	-55.11	43.21
-95.28	-55.24	49.74
-68.24	-45.35	46.69
-39.98	-30.03	35.28
-25.27	-16.85	22.77
-25.51	-10.31	16.48
-31.49	-11.72	18.25
-33.51	-18.31	24.05
-25.39	-24.11	27.65
-10.25	-24.23	25.51
1.71	-18.31	19.84
0.73	-11.41	15.93
-11.29	-10.19	17.33
-50.90	-23.56	29.17
-69.58	-26.06	41.14
-42.36	-8.48	34.79
-24.66	0.55	20.81
-29.85	-1.46	19.90
-54.69	-9.95	41.63
-28.81	-11.90	40.16
44.01	-6.96	11.66
70.01	-0.55	-0.73
86.18	3.85	-4.76
118.41	-0.55	-0.24
158.87	-3.85	-3.60
202.27	-1.77	-12.02
220.95	6.53	-19.53
194.46	16.97	-20.45
142.21	22.77	-13.43
97.05	19.96	-2.56
72.33	13.00	5.62
69.95	8.36	7.45
83.50	7.93	4.70
102.78	11.72	3.11
113.95	19.29	6.04
105.77	28.14	13.12
82.34	33.63	21.30
56.03	27.65	23.56
65.55	21.85	17.46
73.43	16.36	12.02
65.37	12.51	10.13
39.06	10.99	11.23
5.00	9.64	13.67
-24.29	6.96	16.60
-46.20	4.03	20.75
-66.53	1.71	26.00
-92.96	-1.28	31.25
-125.67	-6.65	35.40
-157.59	-13.73	37.78
-188.78	-20.08	38.82
-226.68	-23.62	39.86
-265.81	-23.38	43.58
-288.33	-19.04	50.29
-278.75	-13.61	54.87
-230.65	-11.96	52.67
-67.75	-18.01	26.43
3.54	-17.21	11.23
90.45	-0.55	-5.55
123.78	7.87	-10.31
147.95	10.80	-13.85
166.14	7.51	-15.56
191.77	1.10	-17.52
226.14	-1.89	-21.24
264.04	2.93	-25.15
287.72	14.95	-27.83
263.98	29.11	-26.67
207.82	36.50	-20.08
167.18	31.37	-12.21
148.80	18.19	-6.29
141.66	5.68	-1.77
144.41	-0.92	0.31
153.81	-1.46	-0.67
162.84	2.20	-2.44
160.10	8.36	-2.69
138.98	14.89	-0.37
97.41	14.71	10.62
99.00	6.84	15.69
113.83	-0.12	18.19
134.64	-2.87	17.09
141.17	-1.46	12.76
122.56	1.53	8.06
95.89	4.46	6.10
83.44	7.69	8.18
86.55	11.41	13.06
91.25	12.82	17.03
91.25	8.67	16.72
87.40	0.92	12.27
80.44	-5.49	6.16
76.84	-7.87	2.01
81.12	-4.88	2.62
92.77	3.85	8.48
125.49	27.34	26.18
139.77	32.47	30.70
143.80	29.97	28.26
131.47	22.09	20.87
109.99	13.55	14.04
92.41	9.09	11.35
88.56	10.74	13.73
99.79	17.40	19.84
118.65	25.88	26.67
132.51	31.56	31.25
131.10	29.85	31.13
111.21	19.78	24.72
78.67	5.43	13.24
48.03	-6.35	2.44
30.70	-11.47	-1.71
27.16	-10.68	1.46
28.63	-8.18	8.24
24.11	-8.12	13.98
12.27	-11.84	14.77
-4.33	-18.62	9.34
-57.01	-32.04	-7.20
-76.17	-34.42	-7.51
-78.61	-32.10	-0.92
-71.78	-25.57	6.04
-71.35	-19.90	7.45
-91.37	-21.42	3.48
-128.97	-30.21	-1.22
-175.05	-43.03	-2.69
-169.80	-36.56	-0.92
-159.24	-23.56	1.89
-149.78	-10.80	8.48
-140.20	-2.14	18.49
-123.78	3.60	26.55
-97.78	7.14	27.59
-79.28	5.98	20.51
-88.62	-3.66	9.64
-120.00	-19.59	2.26
-162.05	-32.41	7.51
-162.54	-22.09	12.45
-166.20	-8.85	14.47
-184.45	-0.98	14.71
-217.83	-3.30	15.32
-253.66	-13.31	16.78
-267.46	-23.19	17.46
-246.58	-27.71	15.93
-200.20	-21.24	13.67
-219.48	-21.42	14.10
-284.48	-40.71	18.92
-277.34	-42.72	23.93
-219.12	-36.87	22.58
-144.47	-28.02	15.56
-86.73	-20.51	7.87
-45.59	-15.87	1.89
-14.77	-14.22	-2.44
3.23	-15.38	-4.88
-3.66	-23.13	1.71
8.85	-19.78	3.66
32.78	-12.63	2.99
56.76	-5.80	-0.18
77.21	-2.87	-4.76
101.87	-4.21	-9.03
134.16	-6.77	-11.47
165.89	-6.71	-12.15
174.80	-4.70	-11.47
147.34	-4.76	-9.03
106.08	-8.79	-5.19
88.44	-13.55	-2.50
105.77	-14.34	-2.69
185.00	1.83	-7.93
224.61	15.08	-11.90
257.14	26.79	-17.33
265.01	33.26	-21.06
215.09	25.70	-11.78
199.52	19.10	-3.97
200.38	17.70	0.98
215.45	22.58	3.17
233.46	30.76	4.09
131.04	17.27	0.85
103.88	6.53	-0.79
93.87	0.37	-0.92
93.32	-0.24	4.33
102.42	0.55	6.59
119.87	6.23	4.09
111.33	11.47	4.70
102.60	14.22	7.45
96.44	10.74	8.00
90.27	1.71	4.76
85.33	-7.57	0.55
81.73	-12.63	-1.28
79.35	-12.33	0.24
77.94	-7.45	3.60
76.42	-0.06	7.14
73.97	6.90	9.70
73.36	11.41	11.23
79.71	14.16	13.37
93.38	17.70	17.03
108.64	23.25	20.94
122.13	29.79	23.25
135.38	35.89	23.19
149.84	41.26	22.64
163.09	47.67	24.72
168.46	56.76	30.46
166.87	67.75	38.02
167.60	77.09	43.76
171.75	80.44	44.49
171.75	76.42	40.22
163.27	68.91	34.00
149.23	63.72	29.48
137.02	63.78	28.26
131.16	66.96	29.79
129.94	70.01	33.69
129.58	72.88	38.33
126.10	75.44	40.22
119.32	73.61	37.11
112.06	66.59	30.46
103.21	59.81	25.57
77.09	61.52	28.50
72.94	64.76	28.87
80.44	66.28	26.37
92.16	67.02	22.52
95.34	64.33	19.41
84.53	56.40	17.64
67.57	46.33	17.21
56.58	39.25	17.82
56.03	38.39	18.07
61.71	43.09	17.58
69.52	50.23	17.94
77.03	56.40	18.55
82.95	59.08	17.15
87.16	59.63	13.31
88.62	61.52	7.93
86.06	63.66	2.99
80.26	61.22	1.65
72.94	53.47	3.97
68.48	43.52	7.69
72.81	47.85	4.64
78.12	55.79	-3.11
84.53	62.62	-12.39
92.90	65.98	-19.10
100.28	64.15	-17.58
100.83	58.90	-7.02
95.09	56.40	4.09
90.27	59.88	7.32
91.13	64.94	2.99
96.74	66.53	-4.64
101.50	64.82	-12.15
98.08	61.10	-16.30
70.50	37.29	-2.08
56.21	21.67	8.00
44.56	16.54	9.09
36.19	23.86	2.99
30.40	32.96	-4.15
31.31	34.06	-6.65
41.63	29.42	-3.23
56.58	24.35	2.08
73.49	19.53	7.75
90.52	13.79	15.44
100.77	8.12	24.11
103.58	3.78	30.03
103.70	0.06	29.91
102.48	-2.81	22.77
105.77	-3.78	14.16
115.84	-2.50	9.89
117.00	0.85	8.67
97.60	2.50	8.54
67.14	-3.17	10.99
41.63	-17.03	15.20
26.98	-32.41	17.94
21.91	-42.54	17.94
24.78	-44.31	17.33
28.87	-36.93	16.48
24.96	-22.09	10.93
15.20	-4.33	-1.04
12.94	11.35	-13.49
18.31	7.20	-10.50
22.16	5.62	-8.00
19.90	8.36	-8.42
9.09	8.00	-9.70
-22.16	-10.68	-11.35
-25.21	-13.00	-14.16
-15.50	-3.23	-17.94
0.85	9.03	-18.62
12.51	14.53	-14.53
10.68	15.44	-9.28
-1.77	17.64	-8.91
-14.77	21.48	-13.55
-22.16	22.46	-16.91
-23.07	17.33	-14.95
-14.28	0.61	-1.22
4.70	0.43	2.38
14.04	4.94	-2.20
16.30	7.81	-5.49
0.43	-2.44	3.97
-7.08	-7.26	12.08
1.10	-3.23	12.63
12.82	0.31	14.77
24.54	2.99	16.85
37.48	5.62	16.48
51.33	6.96	15.20
65.31	6.47	15.69
75.68	5.00	17.33
78.67	3.97	17.27
77.51	4.21	15.20
71.66	4.15	12.82
59.94	2.08	10.68
45.41	-1.04	8.97
32.47	-4.03	7.45
22.34	-5.43	5.74
14.77	-4.15	4.88
10.93	-1.53	5.07
10.01	1.40	4.58
9.09	4.46	3.05
7.39	6.53	0.67
6.16	6.96	-1.65
5.80	6.16	-2.14
4.64	5.68	0.24
1.59	6.10	5.74
-2.14	6.16	13.12
-5.07	4.64	19.35
-5.68	1.34	21.91
-3.85	-3.23	19.71
-1.77	-7.08	15.08
-0.67	-8.73	11.90
2.08	-9.09	10.80
6.96	-7.93	10.07
7.63	-2.99	8.54
3.17	3.17	5.68
0.06	5.80	1.22
1.22	5.13	-1.65
5.55	3.54	0.67
8.85	1.95	6.16
8.97	-0.18	9.22
7.93	-4.27	7.14
8.30	-9.83	3.42
11.60	-13.85	3.48
13.12	-13.98	7.02
7.57	-9.16	8.00
-1.10	0.79	2.99
-4.21	13.00	-4.09
-0.55	21.91	-9.46
4.39	23.68	-12.76
6.35	19.10	-13.24
2.87	11.84	-11.72
-4.21	3.66	-9.52
-9.58	-5.13	-5.80
-10.86	-10.80	-1.40
-9.52	-7.81	-1.22
-8.06	3.05	-7.69
-7.39	14.22	-16.11
-8.61	18.49	-18.25
-12.15	14.77	-12.51
-15.87	8.67	-6.10
-16.60	5.13	-5.49
-13.06	4.27	-9.64
-6.10	3.48	-12.51
2.26	3.11	-11.35
9.77	6.90	-10.25
13.06	14.65	-12.33
9.89	20.08	-14.65
2.56	19.71	-13.79
-13.37	12.63	-8.00
-18.98	10.31	-6.65
-21.00	7.32	-6.77
-19.04	4.46	-8.00
-14.16	3.85	-8.06
-8.73	6.29	-6.04
-6.53	10.80	-4.03
-9.09	14.22	-3.85
-14.65	13.55	-6.41
-18.68	9.95	-11.05
-14.89	7.20	-20.63
-2.75	4.33	-23.13
-2.93	6.16	-20.57
-8.12	9.16	-19.90
-13.98	9.22	-21.97
-16.60	6.29	-28.99
-13.92	1.95	-40.71
-8.00	-2.14	-52.61
-2.20	-3.78	-57.50
3.78	5.00	-39.37
2.44	11.84	-29.54
-1.77	16.17	-27.89
-4.94	15.56	-33.33
-3.91	11.60	-41.56
0.06	8.85	-48.10
1.95	10.44	-49.80
-0.24	15.99	-47.06
-2.50	22.22	-43.33
-2.38	26.31	-41.20
-1.34	28.63	-40.22
-1.53	31.80	-38.82
-2.99	37.54	-36.68
-4.03	44.01	-34.06
-6.77	48.65	-30.33
-12.02	51.03	-24.66
-13.37	53.04	-16.24
-8.42	56.03	-4.94
-1.83	59.20	8.48
-10.80	64.51	37.29
-25.27	64.33	50.29
-44.25	49.50	58.65
-48.95	40.89	52.67
-53.83	36.13	43.33
-66.96	35.64	33.87
-71.35	35.28	38.94
-63.11	28.38	60.61
-50.05	22.95	68.05
-41.44	19.47	71.11
-44.31	16.72	72.02
-89.54	15.14	64.70
-168.40	10.25	38.94
-153.38	0.31	45.41
-115.60	5.25	46.26
-94.30	11.96	30.58
-97.47	16.66	9.28
-156.68	6.65	5.74
-233.70	-16.30	32.29
-200.07	-27.10	36.56
-142.52	-24.11	27.89
-73.61	-18.55	6.29
-89.29	-22.64	-0.24
-132.51	-32.35	-0.73
-181.88	-47.30	4.58
-210.27	-65.25	11.41
-210.88	-78.74	13.49
-194.40	-81.48	10.50
-169.49	-75.50	5.62
-138.73	-56.40	-1.10
-145.14	-53.04	2.38
-168.52	-58.90	8.79
-207.40	-73.79	14.89
-248.11	-91.98	19.59
-274.17	-105.83	21.97
-279.85	-110.66	20.45
-269.41	-106.20	16.48
-251.22	-94.30	15.69
-237.79	-65.00	30.76
-241.70	-56.58	43.82
-217.83	-62.01	43.21
-198.00	-44.62	45.84
-163.88	-20.81	36.25
-126.95	-13.00	10.50
-138.92	-13.00	7.26
-165.77	-14.83	11.29
-190.37	-18.01	19.29
-196.41	-19.17	26.73
-179.69	-16.24	30.21
-149.35	-11.66	29.54
-120.12	-8.79	26.00
-112.79	-12.45	16.30
-123.66	-23.38	8.73
-118.84	-21.85	9.58
-111.76	-15.62	11.17
-96.44	-9.52	10.25
-78.19	-4.64	7.08
-64.03	-0.79	4.21
-55.30	0.43	2.50
-49.56	-2.56	0.98
-46.94	-6.71	-0.92
-49.80	-7.51	-3.17
-46.39	-0.12	-3.30
-36.80	6.71	-5.68
-32.35	10.86	-9.64
-40.65	2.01	-7.69
-61.46	-15.38	-0.31
-84.84	-27.28	6.96
-96.13	-28.38	11.23
-87.59	-22.64	11.29
-62.19	-14.89	6.90
-18.07	3.11	-1.83
-14.59	9.77	-1.77
-14.28	10.93	-0.12
-13.06	6.59	1.16
-11.90	0.12	0.18
-11.78	-3.97	-1.83
-16.17	-4.21	-1.95
-28.50	-2.69	0.85
-54.32	-2.01	8.61
-55.60	-9.40	10.50
-52.31	-17.15	8.36
-50.17	-22.40	6.23
-46.39	-21.12	5.98
-40.83	-14.71	7.32
-33.87	-8.24	8.48
-22.58	-4.76	7.57
-7.32	-3.48	5.00
6.84	-3.30	1.95
13.18	-5.25	-0.37
10.62	-8.00	-0.79
3.48	-0.61	4.09
5.55	6.59	5.49
7.39	7.45	3.66
6.77	2.14	0.55
5.25	-2.99	-1.10
2.87	-3.78	-0.12
-0.24	-1.59	2.69
0.24	1.71	8.79
1.59	2.14	9.77
1.71	2.62	9.64
0.79	2.99	9.58
-1.16	2.14	9.28
-3.17	-0.43	8.30
-4.03	-2.62	7.32
-1.83	-2.01	6.96
4.46	3.78	7.45
5.49	3.97	7.57
5.31	2.14	7.02
3.17	-0.67	6.23
-2.50	-3.60	5.68
-12.39	-6.65	5.74
-23.74	-9.28	6.47
-32.23	-9.83	7.81
-34.73	-3.42	10.19
-32.84	-1.04	8.79
-49.44	-2.75	6.53
-72.45	-5.25	8.18
-70.74	-3.91	6.90
-59.33	0.67	4.52
-48.52	6.23	1.40
-54.57	10.68	-0.73
-85.14	14.65	0.24
-116.58	18.31	3.05
-120.61	20.57	4.46
-104.68	20.63	2.93
-85.14	18.80	-0.49
-67.63	17.40	-4.58
-51.70	18.01	-8.42
-22.83	19.84	-12.39
-13.12	15.50	-11.66
-4.70	7.26	-10.93
-3.60	-0.85	-11.78
-14.40	-5.43	-12.63
-29.66	-6.16	-11.78
-36.62	-4.33	-10.13
-29.36	-1.83	-9.40
-13.92	-0.49	-9.77
1.65	-0.79	-10.31
10.62	-1.95	-9.70
8.06	-2.81	-6.84
-4.52	-3.30	-2.38
-19.23	-4.76	1.89
-27.65	-8.06	4.88
-26.79	-12.33	6.23
-25.76	-16.78	7.69
-31.56	-13.85	8.36
-35.83	-8.42	8.42
-33.45	-3.11	6.90
-24.90	-1.53	3.11
-16.85	-3.97	-1.40
-15.87	-6.41	-4.52
-15.38	0.37	-5.43
-6.53	5.74	-6.71
-0.79	8.48	-9.70
-0.06	7.81	-12.51
-4.15	4.15	-12.76
-10.13	-0.92	-10.31
-11.96	-5.43	-7.32
-8.54	-6.59	-5.68
-2.81	-3.30	-4.70
1.40	1.71	-4.09
2.01	5.43	-3.85
2.14	6.35	-3.17
1.46	4.33	-1.95
-0.73	1.53	-0.73
-0.73	0.37	0.00
2.26	1.16	0.55
9.64	3.36	3.11
18.68	5.98	8.18
22.95	8.06	13.61
22.89	9.28	17.82
21.91	10.50	20.20
23.13	12.39	20.57
27.89	10.86	18.01
33.20	1.89	12.27
34.18	-9.58	6.71
32.10	-13.55	5.19
30.33	-7.08	7.02
27.40	3.54	9.46
21.24	10.68	10.99
14.04	11.78	11.23
8.97	7.75	10.13
6.59	1.10	8.18
7.02	-3.11	6.84
9.40	-1.83	6.10
10.44	0.67	4.94
7.51	0.49	3.78
3.60	1.16	4.70
1.89	5.31	7.08
3.60	8.54	8.24
7.63	7.20	7.69
7.93	-1.77	5.80
-1.40	-4.09	6.41
-19.10	-3.85	10.62
-17.03	-4.70	9.52
-6.65	-5.37	5.68
6.10	-4.52	1.34
12.21	-2.99	-1.34
6.90	-2.44	-0.55
-3.17	-3.05	3.60
-8.12	-4.27	8.12
-4.82	-5.07	10.01
5.49	-4.39	10.01
20.32	-2.93	9.83
31.98	-0.92	10.50
34.18	2.14	12.39
30.70	5.00	14.59
24.90	4.94	14.89
16.48	-0.31	13.24
6.77	-10.07	11.90
0.98	-19.41	12.02
3.97	-21.73	13.37
12.70	-15.62	14.95
20.75	-7.08	16.11
26.12	-2.75	16.42
28.38	-3.91	15.56
27.77	-7.02	14.89
23.86	-8.18	15.62
16.48	-6.04	17.27
11.84	-3.42	18.62
11.29	-2.56	18.86
13.67	-3.17	18.19
18.62	-3.60	16.24
17.03	-3.42	13.18
9.64	-4.33	10.19
0.12	-7.75	8.42
-15.08	-12.57	9.40
-33.08	-16.36	13.67
-46.20	-16.60	19.35
-48.28	-12.51	22.89
-40.71	-6.23	22.77
-31.62	-1.40	19.96
-29.79	-0.24	12.70
-38.82	-2.75	9.83
-57.86	-8.48	7.75
-45.53	-3.36	5.43
-39.37	-0.85	-2.32
-47.85	-5.19	-5.13
-59.20	-9.52	-6.59
-67.20	-11.72	-7.93
-65.98	-12.63	-10.38
-54.38	-11.60	-12.94
-39.00	-5.92	-13.73
-13.79	10.74	-13.37
-5.13	13.79	-19.90
-7.39	11.35	-21.67
-13.31	8.30	-20.32
-16.97	5.68	-16.60
-10.86	4.64	-13.37
2.32	6.23	-12.70
11.35	9.09	-13.49
9.64	9.28	-13.49
1.16	4.88	-11.47
-5.00	-1.16	-8.85
-4.76	-4.88	-8.30
-0.98	-4.88	-10.13
4.15	-1.83	-12.57
9.40	2.81	-14.77
12.15	7.32	-15.93
11.17	10.01	-15.26
7.75	8.85	-13.00
1.28	3.72	-10.25
-9.46	-2.26	-8.42
-20.08	-5.13	-8.30
-24.72	-3.05	-9.64
-22.40	3.60	-11.23
-14.53	10.86	-12.82
-3.60	14.22	-15.08
5.37	13.73	-18.25
9.46	12.33	-22.28
6.10	10.93	-26.92
-3.72	9.03	-29.54
-13.06	7.32	-28.75
-15.38	6.77	-27.59
-8.54	8.06	-28.75
1.04	10.56	-31.86
3.42	10.80	-35.89
-3.66	5.74	-40.10
-12.94	-2.56	-43.33
-15.08	-9.46	-44.68
-8.30	-11.60	-44.19
3.42	-9.40	-42.11
15.14	-6.04	-40.65
22.77	-3.17	-41.87
27.89	0.37	-45.04
27.77	9.40	-46.69
23.25	7.75	-41.08
18.92	1.95	-33.75
14.59	-4.33	-27.47
12.08	-7.87	-23.50
25.63	-1.16	-24.54
36.68	2.81	-26.92
42.66	4.27	-28.32
44.68	5.13	-29.30
43.46	7.08	-30.76
40.47	10.19	-31.13
41.26	13.06	-29.17
46.81	13.43	-26.86
51.45	11.17	-26.79
48.71	10.13	-28.14
38.88	11.35	-28.14
27.65	10.93	-26.06
20.94	8.73	-23.01
20.69	9.89	-20.08
23.56	15.50	-18.92
24.48	19.78	-18.68
21.79	16.54	-16.36
15.44	6.84	-11.47
6.23	-2.81	-6.23
-1.83	-8.42	-2.69
-0.37	-8.85	-2.44
4.76	-5.80	-2.81
5.43	-3.54	-1.16
0.92	-3.42	1.83
-4.64	-4.52	4.15
-13.12	-4.15	5.25
-23.19	-1.40	6.35
-21.12	0.92	6.10
-8.67	-0.31	3.30
-2.50	-3.11	1.16
-13.24	-0.79	2.32
-28.02	3.36	0.92
-29.85	3.66	-1.59
-31.31	3.11	-3.72
-27.89	1.53	-5.80
-19.71	-1.28	-7.63
-14.28	-3.54	-8.24
-28.26	-2.99	-6.29
-45.96	-0.06	-3.85
-32.10	-1.71	-4.52
-29.97	-6.84	-4.15
-30.82	-10.25	-3.97
-28.63	-10.38	-5.07
-21.67	-7.81	-7.51
-8.91	-3.36	-10.93
22.77	3.91	-18.98
48.46	2.26	-23.44
82.58	-0.43	-28.20
113.65	-1.71	-31.37
127.62	-3.42	-31.37
127.69	-6.41	-30.15
114.62	-7.39	-28.99
89.11	-5.37	-26.25
66.89	-2.56	-19.78
51.45	-1.71	-10.07
36.56	-3.97	0.06
27.47	-7.02	7.26
29.66	-3.05	8.48
24.41	7.20	5.98
25.63	10.50	6.53
28.87	9.89	7.39
29.91	3.78	8.73
27.53	-4.33	11.41
23.68	-8.42	14.53
22.58	-5.98	15.93
24.05	-0.85	15.26
22.77	2.69	11.96
20.45	5.07	6.53
20.20	8.30	2.14
19.53	11.84	0.79
17.76	13.49	1.53
16.72	12.08	2.14
16.60	8.97	0.37
16.97	6.41	-3.97
17.76	5.80	-7.81
18.43	6.59	-8.42
18.19	7.26	-6.84
17.40	7.20	-5.86
16.36	7.26	-6.23
14.89	7.69	-6.23
12.45	7.26	-4.82
9.40	4.27	-3.23
6.59	-0.43	-2.99
5.25	-3.78	-3.48
5.62	-3.85	-2.99
3.11	2.01	-1.10
-1.53	3.78	-1.65
-4.70	3.54	-2.44
-4.52	2.81	-2.38
-1.28	2.38	-1.77
4.46	1.65	-1.46
11.17	0.37	-1.89
16.30	-0.12	-2.26
17.52	1.40	-1.71
15.81	4.15	-1.22
13.92	6.35	-2.62
13.61	7.08	-5.92
15.32	6.29	-9.03
18.68	4.52	-10.07
21.91	2.69	-8.91
22.71	1.95	-6.65
19.04	2.81	-4.70
11.05	3.78	-3.78
2.01	2.62	-3.30
-3.72	0.00	-2.50
-4.03	-1.40	-2.38
-0.49	-0.67	-3.85
4.46	1.10	-5.92
8.30	3.30	-7.57
7.08	5.49	-9.03
0.06	6.35	-9.28
-8.36	4.82	-6.77
-12.88	1.71	-2.81
-11.60	-0.85	-0.79
-7.20	-2.20	-2.50
-3.72	-3.48	-5.80
-3.36	-5.19	-7.32
-6.29	-6.77	-5.13
-10.56	-7.32	-0.55
-13.12	-6.71	3.23
-13.18	-5.43	4.39
-10.07	-3.72	3.54
-8.54	-4.39	3.17
-8.79	-6.41	2.38
-10.56	-8.61	1.77
-12.39	-9.70	1.77
-13.79	-9.34	2.01
-14.71	-7.32	1.46
-14.71	-4.33	0.55
-13.24	-2.08	0.43
-8.85	-4.52	0.12
-7.93	-7.02	-1.46
-6.59	-7.39	-2.50
-3.91	-4.82	-2.20
-1.77	-0.92	-1.10
-2.01	1.65	-0.55
-3.72	1.46	-1.59
-4.88	-0.92	-3.48
-3.72	-4.21	-4.94
0.37	-6.53	-5.55
5.43	-5.80	-5.68
8.48	-2.32	-4.94
8.00	1.53	-3.85
6.84	3.42	-3.91
8.42	2.50	-5.86
11.47	0.18	-8.79
13.06	-1.40	-11.29
12.63	-0.98	-12.27
12.39	1.34	-11.54
14.10	3.97	-9.34
17.40	5.80	-7.63
20.87	7.08	-8.54
24.72	8.24	-11.72
30.03	9.09	-15.26
35.83	9.22	-17.88
39.37	8.97	-18.01
39.73	9.58	-15.50
37.78	11.23	-12.45
29.48	13.31	-13.18
29.36	12.57	-15.69
34.24	11.35	-17.58
42.97	11.17	-18.74
58.96	14.89	-17.76
43.15	10.68	-10.93
29.97	5.13	-6.77
22.77	1.10	-4.15
22.83	-0.12	-4.27
26.73	0.92	-6.10
29.66	2.56	-6.59
28.69	2.75	-4.52
23.50	0.49	-2.14
17.33	-3.30	-1.59
14.04	-7.32	-1.71
13.43	-10.19	-0.85
12.27	-10.93	0.31
8.67	-9.83	0.18
3.85	-4.64	-1.16
8.73	-2.08	-2.14
21.42	-2.75	-3.66
20.69	-4.27	-2.14
16.17	-4.94	0.37
11.84	-4.88	2.69
10.38	-4.94	4.09
11.35	-5.62	5.13
12.70	-5.68	6.04
13.98	-4.70	6.29
16.42	-3.17	5.62
20.87	-1.04	3.91
27.04	2.20	2.08
34.30	5.25	1.77
41.38	6.41	3.05
48.58	5.86	4.76
56.82	5.37	6.35
64.64	6.77	6.59
72.20	10.80	3.23
82.03	18.19	-4.27
92.96	27.65	-12.94
101.07	34.24	-17.21
105.41	34.97	-14.34
110.23	32.41	-6.77
119.38	32.47	0.55
131.71	39.12	2.50
142.15	49.93	-4.39
144.90	56.34	-17.64
137.02	52.19	-28.50
120.73	39.25	-29.54
101.62	25.63	-20.32
86.67	18.49	-7.75
82.95	17.46	0.06
89.29	15.99	0.98
98.33	9.89	-0.92
100.46	2.32	-2.56
91.80	0.12	-3.60
77.27	3.91	-3.66
61.10	7.45	-2.01
45.04	5.62	0.61
30.82	-0.85	2.93
21.73	-8.12	5.68
19.35	-13.31	9.16
23.13	-15.62	11.17
30.58	-15.14	9.77
38.57	-12.57	5.31
46.81	-9.77	0.61
51.94	-8.85	-1.83
53.65	-9.95	-1.46
61.28	-13.18	4.82
59.69	-15.93	7.69
55.79	-19.41	8.73
57.37	-22.09	8.30
63.72	-23.01	7.26
66.59	-20.81	4.82
68.24	-7.20	1.59
68.85	-3.66	1.34
63.17	-6.04	0.49
52.73	-11.41	-1.71
35.52	-22.16	-3.05
34.91	-24.78	-0.98
37.96	-9.83	-10.80
40.10	-2.08	-18.80
41.08	-1.77	-23.38
38.88	-7.57	-21.97
33.75	-13.55	-15.69
28.20	-14.28	-9.64
25.15	-9.58	-9.34
26.49	-4.94	-14.89
31.74	-5.00	-19.90
36.74	-7.69	-19.84
37.35	-8.42	-16.54
25.70	-7.57	-12.08
20.45	-10.74	-12.63
22.22	-14.89	-12.88
30.58	-16.66	-10.86
40.10	-14.40	-7.69
45.72	-10.31	-5.86
45.29	-9.34	-5.80
40.47	-13.73	-5.74
34.85	-21.12	-4.94
27.40	-28.99	-6.29
24.48	-25.63	-8.79
21.67	-9.58	-3.91
20.57	-5.07	-4.21
20.81	-15.69	-10.01
22.46	-20.94	-12.08
24.84	-21.36	-13.00
27.71	-18.80	-13.43
30.52	-15.99	-13.73
32.78	-13.73	-14.95
34.61	-12.57	-18.07
36.19	-12.33	-21.73
37.96	-12.57	-23.44
38.94	-13.12	-22.28
37.60	-13.00	-19.78
27.47	-12.51	-21.24
14.34	-26.86	-31.19
13.85	-36.50	-33.08
17.76	-32.84	-29.42
21.61	-24.54	-22.83
23.93	-12.76	-15.75
24.60	-1.95	-10.56
23.50	2.93	-8.06
20.39	1.04	-7.63
15.93	-3.42	-7.69
11.84	-5.19	-6.90
9.83	-1.10	-5.07
4.46	28.75	-15.14
0.43	42.11	-18.43
-2.32	44.13	-10.74
-2.69	39.49	-2.81
0.61	32.10	-1.40
4.27	25.70	-6.10
5.62	24.84	-12.82
5.00	30.03	-15.08
5.43	36.07	-11.11
7.87	38.51	-6.23
10.86	39.12	-5.13
12.82	40.83	-7.08
14.59	42.91	-9.22
18.25	42.91	-9.89
23.38	40.89	-9.46
27.16	38.09	-8.73
28.99	35.46	-7.81
30.52	34.97	-6.71
33.69	38.15	-4.82
39.12	44.62	-0.79
46.75	52.37	5.68
55.60	58.72	12.08
60.61	62.68	15.26
56.15	62.87	15.08
42.42	58.11	14.65
24.84	51.21	16.60
10.38	46.75	20.51
2.44	46.20	23.99
-0.49	47.73	25.57
0.00	49.38	25.09
3.48	50.60	22.58
4.58	50.11	20.02
-3.42	45.78	19.65
-19.04	37.96	20.94
-35.28	29.60	21.79
-46.57	23.74	20.94
-50.54	21.24	18.13
-48.46	21.00	15.20
-46.08	20.81	15.20
-48.77	18.25	18.25
-58.53	12.51	20.57
-72.75	6.04	19.71
-86.12	2.26	17.70
-93.87	2.08	17.88
-96.25	2.62	19.53
-98.57	0.85	16.97
-103.76	-3.30	7.57
-107.79	-7.75	-3.36
-107.36	-10.80	-9.58
-102.54	-11.11	-9.03
-93.99	-8.97	-3.48
-85.51	-7.20	2.99
-80.08	-7.57	6.71
-80.26	-9.95	7.14
-90.09	-13.24	6.10
-106.38	-16.48	6.41
-120.18	-19.35	9.64
-126.28	-21.73	14.65
-123.11	-24.23	19.47
-114.14	-27.04	22.58
-108.34	-28.32	22.46
-110.47	-28.38	20.45
-117.98	-29.79	20.39
-127.75	-33.39	24.54
-138.00	-37.60	30.88
-146.67	-40.16	36.44
-148.56	-39.92	40.83
-140.99	-36.50	44.92
-130.43	-32.04	47.24
-124.15	-29.36	45.72
-123.54	-29.97	40.89
-127.38	-33.39	37.29
-135.80	-38.21	39.49
-147.89	-43.64	46.87
-155.82	-48.89	55.11
-151.31	-51.27	60.49
-133.61	-49.87	60.30
-113.65	-47.42	53.41
-105.77	-47.24	43.58
-113.22	-50.17	36.44
-128.72	-54.38	34.67
-141.11	-56.34	37.05
-144.23	-52.67	41.50
-138.43	-41.99	47.00
-125.67	-27.77	50.96
-112.43	-17.52	47.61
-107.36	-15.81	36.13
-112.24	-19.47	24.35
-119.57	-21.61	18.13
-105.29	-11.84	15.20
-80.63	-0.85	12.57
-57.31	10.31	8.85
-47.00	15.75	6.35
-49.38	12.45	6.10
-59.20	2.56	6.71
-72.20	-7.63	7.32
-82.03	-12.15	8.12
-81.79	-8.85	8.18
-71.11	-0.18	6.71
-56.70	8.91	4.09
-40.95	11.90	-2.20
-36.68	7.75	-5.43
-33.45	6.10	-8.42
-32.78	8.54	-9.77
-32.47	12.70	-8.36
-30.15	15.87	-5.74
-26.00	16.60	-3.72
-19.35	14.95	-3.42
-9.95	12.45	-5.13
3.60	11.17	-10.07
-0.12	12.57	-10.44
-19.17	12.02	-4.70
-23.68	8.24	-0.67
-10.68	1.65	1.53
1.34	1.71	0.79
9.28	4.15	0.31
10.25	7.51	-0.24
5.86	9.89	-1.10
-0.92	11.41	-2.14
-6.35	12.63	-2.44
2.44	14.59	-3.17
20.57	13.18	-4.58
-0.37	1.59	0.98
-15.44	-3.48	4.21
-24.05	-5.13	6.41
-17.27	0.61	6.90
-11.05	4.39	6.65
-12.45	4.94	7.69
-28.44	-1.34	12.15
-30.76	-3.17	13.12
-26.06	-3.30	12.88
-17.64	-1.40	11.66
-13.12	0.61	10.38
-16.24	-0.18	9.95
-21.91	-3.11	10.44
-23.50	-4.64	10.86
-21.12	-3.85	10.01
-22.77	-3.66	8.18
-32.41	-5.92	8.24
-47.12	-9.46	12.57
-25.39	-4.46	9.16
-1.10	3.36	3.85
-0.37	2.69	4.09
-5.19	-1.34	6.90
-30.52	-15.01	15.56
-46.87	-22.77	21.12
-40.22	-17.64	20.45
-16.48	-6.10	13.55
6.84	2.93	5.55
11.11	3.72	3.72
7.14	-0.18	4.27
1.16	-5.68	5.86
-3.23	-10.19	7.20
-6.10	-12.70	8.36
-3.60	-9.22	9.28
-2.81	-4.82	8.61
-6.23	-3.11	8.24
-13.79	-6.59	8.85
-19.84	-13.92	9.77
-19.35	-20.39	10.19
-15.32	-21.30	10.62
-12.02	-16.91	11.66
-11.29	-10.74	12.94
-10.86	-6.71	13.73
-8.61	-14.28	13.98
-16.17	-20.51	17.09
1.16	-22.09	17.58
11.29	-22.16	15.08
16.72	-22.34	11.96
17.21	-22.40	10.44
14.71	-22.89	11.35
10.07	-23.93	14.22
5.13	-25.51	18.07
3.48	-28.50	22.03
5.07	-31.43	25.09
8.18	-31.19	27.22
14.47	-27.40	28.81
21.55	-22.58	29.30
21.48	-18.74	28.50
14.22	-15.56	26.73
8.30	-12.08	24.60
9.58	-9.28	22.28
15.99	-8.12	19.84
21.61	-7.51	17.88
24.23	-6.16	17.27
23.07	-3.91	18.07
17.09	-1.83	20.14
9.89	-1.71	22.52
5.00	-3.54	23.80
1.16	-6.16	23.38
-2.69	-9.22	22.52
-4.15	-12.27	23.07
2.20	-10.25	26.37
7.20	-5.55	26.37
10.44	-1.71	25.39
11.90	-0.73	23.74
13.24	-2.38	22.03
13.67	-5.19	21.55
10.31	-7.57	22.77
3.48	-7.93	25.39
-2.01	-5.86	28.44
-2.32	-2.99	30.94
2.62	-1.22	31.86
10.13	-0.31	31.19
17.58	1.71	29.85
24.84	5.00	28.75
31.31	8.85	28.63
35.28	11.23	29.24
37.11	9.83	30.33
36.68	6.10	32.10
34.85	3.42	33.94
35.16	3.48	35.46
38.21	6.47	37.17
43.09	10.56	38.15
61.58	13.61	32.53
72.45	15.81	29.24
77.76	19.17	27.16
77.82	21.12	25.39
78.86	22.03	23.80
85.82	24.35	22.77
94.48	28.87	22.46
97.17	31.25	21.67
94.36	25.94	19.59
91.13	15.01	17.64
92.77	5.92	17.52
101.56	4.82	20.02
122.44	29.24	26.67
131.23	45.17	24.60
140.99	53.53	18.01
146.79	52.00	10.31
148.50	45.53	4.64
153.38	40.53	1.95
165.77	40.34	3.23
181.64	44.56	8.12
199.10	51.45	12.08
220.95	59.88	10.31
242.19	68.18	4.09
249.63	75.74	-1.46
237.37	80.93	-4.03
213.81	77.88	-4.82
190.19	63.78	-4.64
172.00	44.49	-3.48
161.44	28.99	-2.69
161.50	22.52	-1.77
169.56	27.04	0.79
182.98	39.92	3.42
201.05	54.63	4.88
224.61	64.03	6.53
237.49	63.17	6.47
228.21	54.02	1.04
216.19	44.25	-7.63
210.82	38.94	-11.78
201.54	37.54	-7.57
181.88	37.78	-0.18
161.93	39.25	2.56
158.26	42.97	-1.59
170.96	48.58	-8.30
186.46	53.71	-13.43
199.22	57.31	-15.08
207.70	61.04	-12.76
226.68	64.58	-5.86
263.24	65.86	1.53
285.28	64.82	3.23
285.46	61.95	-0.12
284.36	57.13	-5.31
281.86	51.51	-9.89
277.53	46.39	-11.72
281.62	42.36	-10.86
289.25	40.89	-8.18
282.47	41.50	-3.72
253.05	42.11	1.53
204.04	41.69	6.23
150.88	39.55	10.25
112.30	37.41	13.37
91.37	36.32	13.73
78.25	32.59	12.39
66.53	22.58	14.65
56.95	8.36	23.32
53.65	-2.20	33.63
63.35	-1.04	37.60
84.90	12.63	32.78
103.94	29.79	24.66
109.74	40.95	19.65
108.15	42.30	19.71
100.28	36.25	22.64
74.89	27.95	24.96
34.18	20.94	25.88
-3.72	17.58	26.67
-22.89	19.17	28.08
-20.14	23.93	28.99
-5.98	27.83	28.87
7.75	26.92	28.99
17.09	20.57	30.33
22.77	12.27	32.29
26.86	5.74	33.39
32.71	4.03	32.84
39.31	8.97	31.80
43.95	19.65	31.07
54.69	43.46	27.65
57.50	49.99	23.62
51.94	50.96	18.86
38.57	46.63	15.32
22.16	38.57	13.00
7.69	28.99	9.40
0.37	20.08	3.60
2.69	14.22	-1.53
11.05	12.70	-2.14
15.75	13.73	2.81
19.71	13.79	11.84
26.79	13.43	20.63
27.28	15.87	23.74
26.61	19.35	21.12
23.25	20.75	16.48
2.93	19.59	12.21
-20.20	15.32	9.28
-33.69	7.20	8.42
-32.23	-3.36	11.29
-16.05	-9.40	16.05
4.03	-4.46	18.74
23.80	8.30	19.10
37.66	19.53	19.29
42.60	24.17	20.08
39.00	25.33	19.41
30.09	27.16	15.99
20.20	27.34	10.93
11.84	23.01	5.92
6.65	17.27	1.65
7.81	14.71	-2.08
21.12	15.87	-6.10
41.02	19.10	-10.01
50.23	22.77	-11.17
44.86	25.63	-10.80
35.40	27.28	-11.29
30.09	27.53	-11.96
29.54	26.55	-13.06
29.42	25.76	-15.01
26.79	26.37	-17.46
24.11	27.47	-20.02
24.23	26.98	-21.24
25.39	23.50	-20.26
23.86	17.40	-18.31
17.76	10.74	-16.78
9.22	5.07	-16.72
4.64	1.22	-17.64
4.27	1.22	-17.82
4.03	4.70	-15.69
2.81	8.79	-9.95
-2.14	12.21	-1.10
-15.44	13.92	5.98
-35.64	12.39	3.60
-52.55	7.75	-10.38
-58.59	3.42	-29.91
-58.96	1.40	-45.78
-53.53	-2.20	-46.87
-44.13	-4.58	-36.01
-32.65	-4.33	-22.77
-21.97	-1.65	-10.38
-15.62	1.89	-2.20
-16.97	5.19	-0.18
-40.89	11.11	-6.04
-62.87	8.73	-12.33
-66.59	-2.56	-16.85
-65.98	-16.91	-23.25
-65.37	-27.53	-31.19
-61.10	-31.62	-37.90
-44.01	-28.38	-40.41
-15.81	-15.81	-38.45
10.31	4.15	-34.06
24.96	20.26	-29.97
21.36	23.01	-29.66
1.71	13.37	-34.48
-16.66	-0.43	-41.20
-21.55	-11.66	-44.31
-12.88	-17.94	-40.77
-2.26	-17.88	-29.66
-15.62	0.06	5.74
-18.80	6.47	14.10
-16.05	3.54	8.97
-31.49	-14.04	-18.74
-44.49	-16.42	-23.86
-55.54	-14.53	-19.78
-63.23	-12.88	-12.08
-65.67	-13.98	-8.06
-66.28	-17.64	-10.62
-72.02	-24.60	-18.25
-83.74	-34.30	-28.99
-96.86	-43.64	-40.77
-108.52	-51.09	-49.62
-117.31	-55.66	-51.45
-111.94	-41.75	-35.34
-94.42	-24.35	-25.88
-75.50	-9.95	-19.23
-63.35	-4.64	-16.48
-60.00	-7.26	-18.55
-65.67	-12.51	-23.44
-76.35	-16.72	-26.98
-71.72	-15.44	-22.95
-59.57	-12.76	-17.27
-43.58	-9.22	-13.37
-33.94	-5.43	-13.49
-38.21	-2.38	-16.54
-51.51	-0.73	-18.98
-63.35	-0.37	-18.07
-68.54	0.18	-13.43
-66.96	2.14	-6.65
-60.79	5.43	-0.85
-53.34	8.73	1.95
-43.52	10.86	2.08
-26.61	11.17	0.98
15.93	11.41	-6.53
27.95	14.59	-12.27
27.28	23.38	-13.00
25.45	24.17	-7.81
24.35	21.24	-2.81
22.52	16.66	-0.12
22.22	11.60	-0.24
26.86	6.10	-2.14
35.77	2.26	-3.97
46.81	1.65	-4.52
55.97	3.30	-3.66
59.14	5.25	-2.14
54.99	6.77	-0.79
46.14	8.06	0.98
37.35	9.34	3.91
29.36	10.19	7.02
14.83	6.47	5.68
16.36	2.26	1.53
24.23	-1.22	-1.77
30.58	-2.38	-2.20
32.96	-0.37	0.18
34.67	4.03	3.48
33.94	8.06	5.55
27.77	9.40	5.25
19.17	7.93	2.81
