0.00	-6.65	-9.95
-3.23	-10.19	-8.54
-3.54	-11.05	-7.26
-2.87	-9.95	-6.53
-3.11	-8.67	-5.92
-4.82	-8.24	-4.82
-7.45	-8.67	-4.09
-9.70	-9.83	-4.94
-11.29	-11.96	-7.14
-12.94	-15.14	-9.22
-14.83	-19.17	-10.80
-16.66	-23.56	-12.45
-18.55	-28.50	-14.16
-19.10	-38.02	-17.88
-17.03	-39.00	-20.75
-13.31	-35.34	-24.78
-7.26	-28.99	-30.40
0.06	-24.29	-37.41
5.55	-23.99	-43.95
8.97	-26.79	-47.97
28.02	-27.65	-43.58
49.44	-18.86	-35.16
75.93	-0.92	-27.04
103.03	25.57	-23.50
126.83	56.95	-26.43
141.97	85.27	-33.20
146.00	102.48	-38.82
140.99	106.02	-39.43
131.53	100.16	-34.48
123.72	92.83	-25.21
121.83	88.93	-13.31
125.00	89.23	-0.49
126.16	94.54	9.34
118.41	103.82	10.62
109.31	112.79	1.10
106.87	117.37	-11.54
106.51	115.23	-14.47
103.94	106.99	-4.46
100.89	96.74	9.28
99.85	89.48	18.80
99.79	85.63	25.51
96.98	82.52	33.63
86.43	77.58	42.30
69.27	69.89	47.18
50.90	60.55	47.00
31.68	51.27	44.19
10.99	43.15	42.18
-9.28	36.87	43.40
-26.67	32.35	47.97
-38.57	27.83	53.89
-45.65	21.91	58.90
-52.49	15.44	63.05
-62.62	9.64	67.20
-75.44	4.58	71.11
-88.20	-0.67	73.73
-99.67	-7.39	74.77
-111.08	-16.42	75.01
-122.31	-26.73	75.20
-131.35	-36.32	75.20
-138.37	-44.01	74.95
-144.53	-49.19	74.52
-149.11	-52.31	74.34
-151.98	-55.79	75.38
-155.09	-62.38	77.70
-158.63	-72.33	79.96
-160.52	-82.70	79.65
-162.29	-103.21	70.50
-193.36	-120.18	67.75
-220.28	-123.41	69.03
-244.63	-127.08	69.76
-259.09	-132.87	69.52
-264.77	-138.31	67.75
-271.36	-143.68	65.00
-283.39	-150.76	62.38
-294.37	-157.84	59.57
-294.37	-161.07	54.87
-280.52	-157.35	46.94
-229.00	-136.05	21.12
-179.14	-125.31	-4.58
-161.07	-130.19	-10.68
-157.78	-129.21	-7.57
-153.08	-121.70	-2.01
-146.48	-106.87	3.54
-138.73	-87.59	6.65
-130.55	-69.89	7.08
-122.86	-59.39	5.68
-115.97	-58.35	2.93
-101.99	-74.95	-2.20
-94.54	-81.42	-1.46
-86.43	-78.98	1.59
-76.72	-65.55	5.37
-64.88	-44.19	7.51
-53.28	-22.77	6.35
-44.68	-9.03	1.83
-41.26	-6.35	-2.99
-44.01	-13.37	-4.33
-50.72	-25.02	-2.69
-54.93	-33.87	-2.08
-52.37	-35.16	-4.27
-44.56	-29.60	-6.90
-33.63	-20.02	-8.36
-21.67	-8.85	-9.46
-13.55	0.79	-10.56
-14.65	4.46	-10.31
-25.51	-0.43	-7.63
-40.28	-11.41	-3.91
-47.91	-26.25	-3.60
-35.83	-23.99	-5.68
-20.94	-18.43	-6.10
-9.77	-13.31	-5.13
-6.04	-9.83	-3.78
-11.90	-7.93	-3.54
-26.55	-9.22	-4.21
-44.43	-14.95	-2.26
-58.78	-22.34	3.11
-63.29	-27.16	8.12
-55.48	-27.65	9.40
-39.06	-24.11	7.14
-18.92	-17.76	2.75
-1.65	-11.23	-2.50
5.92	-8.18	-6.71
1.65	-10.38	-8.06
-12.39	-16.54	-6.47
-30.15	-24.29	-3.60
-42.42	-30.52	-1.22
-39.00	-31.01	-1.59
-28.26	-25.33	-3.91
-17.94	-18.92	-5.25
-14.47	-14.89	-4.70
-21.24	-15.44	-2.08
-36.87	-20.81	2.08
-71.35	-37.17	10.25
-71.72	-41.63	10.56
-47.00	-28.38	3.91
-46.20	-22.22	1.46
-61.16	-29.60	3.78
-82.15	-43.46	6.59
-100.77	-58.84	8.91
-110.05	-69.89	11.72
-107.42	-73.30	13.79
-95.09	-69.46	12.33
-78.06	-60.18	6.65
-62.01	-48.65	-0.67
-50.66	-38.70	-6.47
-45.65	-33.02	-9.03
-49.56	-32.59	-8.67
-58.78	-36.74	-7.20
-65.00	-43.33	-6.47
-64.39	-49.26	-7.08
-48.46	-50.29	-12.33
-40.59	-44.98	-16.24
-32.96	-36.62	-21.06
-23.80	-26.55	-26.67
-14.95	-17.70	-31.13
-8.73	-12.45	-32.90
-5.80	-10.86	-32.29
-5.25	-10.99	-30.46
-4.52	-10.19	-28.99
-0.73	-6.53	-30.03
5.80	0.06	-33.87
12.63	16.85	-41.38
13.73	22.89	-44.92
17.33	25.88	-48.77
22.89	26.18	-52.31
28.02	26.25	-55.36
32.17	28.87	-58.04
42.11	41.87	-61.65
43.58	47.06	-61.10
40.53	50.11	-59.45
35.22	51.82	-57.43
29.11	52.19	-55.11
24.11	51.45	-53.41
23.74	50.60	-53.22
27.95	50.05	-54.08
32.78	50.29	-55.97
36.68	53.77	-59.51
40.47	62.44	-62.56
38.09	70.56	-56.88
25.39	65.98	-42.48
13.18	45.53	-32.71
11.29	20.45	-31.86
15.87	3.85	-32.78
20.69	-0.92	-32.04
25.82	3.66	-31.31
33.39	15.38	-32.29
42.30	29.66	-34.42
48.10	39.12	-34.79
46.51	39.25	-29.60
46.33	37.35	-26.31
67.26	39.00	-27.77
89.54	46.02	-30.82
120.06	60.85	-34.06
197.63	116.09	-38.51
185.49	118.84	-31.56
161.93	112.49	-22.77
146.85	103.27	-17.21
155.15	98.45	-18.07
230.83	115.42	-30.64
270.81	130.98	-34.48
291.02	138.67	-34.12
216.00	110.60	-22.46
172.06	100.71	-9.64
139.53	98.88	4.76
119.02	102.78	17.64
104.80	107.85	28.56
92.77	110.35	38.15
82.70	107.79	45.65
72.39	98.69	50.48
56.64	84.66	54.20
33.08	70.37	59.27
6.29	58.96	66.10
-16.54	49.87	73.30
-32.71	42.79	79.96
-44.13	37.84	86.24
-52.61	33.75	90.82
-59.57	27.65	91.80
-65.73	18.92	88.93
-69.76	9.70	84.23
-69.95	2.44	80.32
-66.22	-2.69	77.88
-59.57	-6.23	76.35
-56.46	-12.94	77.88
-84.35	-23.80	86.98
-114.07	-38.09	90.94
-139.53	-62.32	87.40
-147.46	-70.92	88.99
-144.23	-73.67	92.35
-132.75	-70.92	95.34
-121.22	-65.86	96.50
-115.17	-63.17	96.50
-114.38	-66.28	96.07
-116.39	-75.38	94.67
-122.80	-87.77	92.53
-138.31	-99.91	91.37
-164.49	-109.62	92.77
-192.44	-116.03	96.13
-208.62	-119.51	98.88
-202.76	-119.26	99.30
-174.56	-113.28	96.98
-137.15	-102.84	92.53
-103.39	-92.47	88.07
-79.53	-85.08	84.66
-67.38	-81.30	76.90
-76.11	-84.84	73.12
-88.81	-89.84	71.35
-98.45	-94.54	71.84
-99.30	-97.90	73.49
-87.22	-98.51	74.22
-59.63	-94.91	72.14
-20.75	-86.30	66.47
17.33	-73.67	57.86
44.86	-59.33	48.46
61.52	-45.84	40.89
71.53	-34.18	35.28
78.00	-24.11	29.97
84.11	-15.93	25.02
90.21	-11.35	21.79
95.89	-12.08	20.32
102.84	-16.66	20.63
114.56	-20.08	22.09
137.08	-17.88	19.90
169.92	-6.90	11.47
206.18	12.39	-0.31
244.81	36.25	-13.61
286.38	62.32	-27.95
326.11	86.49	-41.32
358.15	103.15	-51.76
382.93	109.68	-58.17
404.36	109.56	-61.83
422.00	107.97	-64.45
430.42	109.01	-66.10
423.22	116.15	-65.25
397.95	132.32	-58.04
358.09	161.80	-37.78
307.19	188.54	-15.01
260.80	175.05	-18.07
226.07	124.63	-43.70
185.12	82.09	-59.27
134.77	66.47	-55.18
72.51	52.06	-49.19
68.42	41.87	-50.17
72.39	35.71	-44.01
92.22	32.84	-22.03
108.70	34.67	-17.88
112.00	41.32	-14.77
93.63	42.66	-10.50
74.16	41.14	-7.08
60.85	36.80	-6.16
55.54	25.39	-9.28
54.32	19.90	-11.54
52.49	14.47	-14.10
50.90	8.54	-19.78
48.34	10.19	-20.14
44.19	13.24	-17.70
39.86	15.08	-13.61
35.58	14.59	-9.46
32.90	12.63	-6.47
34.00	10.68	-5.86
38.33	8.85	-7.87
42.66	5.19	-14.83
38.02	4.94	-18.19
30.94	6.90	-20.87
26.37	10.80	-22.83
22.09	21.42	-25.02
2.50	26.61	-14.53
-9.52	18.68	-4.03
-25.57	-11.72	10.13
-24.72	-21.85	8.30
-15.08	-21.12	-5.92
-12.82	-16.85	-10.01
-11.05	-12.70	-10.01
-8.97	-8.97	-7.75
-6.96	-6.53	-4.94
-5.74	-6.53	-2.08
-5.80	-15.14	2.87
-5.00	-27.71	4.82
-4.09	-30.21	3.97
-3.78	-27.10	1.77
-3.97	-18.86	-1.10
-5.07	-9.89	-3.30
-8.30	-4.64	-3.42
-12.88	-3.54	-1.65
-15.69	-4.94	0.67
-7.45	-13.24	-1.53
-0.79	-19.78	-3.60
3.78	-24.05	-4.64
5.13	-23.68	-5.92
3.85	-19.59	-7.93
0.12	-14.71	-10.25
-4.76	-10.93	-12.70
-9.83	-8.97	-14.34
-14.10	-9.89	-13.24
-13.92	-14.47	-9.77
-10.25	-22.09	-6.29
-6.29	-31.07	-5.37
-2.62	-38.15	-7.81
-2.08	-41.20	-12.08
-6.29	-41.14	-16.91
-14.34	-39.86	-22.71
-22.22	-38.02	-29.24
-25.15	-35.16	-34.85
-21.67	-31.19	-38.57
-11.05	-26.67	-40.95
1.53	-21.24	-42.54
11.47	-13.98	-43.21
23.38	-3.48	-42.42
37.29	10.86	-40.22
51.03	28.14	-36.87
67.20	47.97	-33.94
84.84	69.76	-33.94
100.65	88.93	-35.10
120.85	100.46	-33.63
150.33	106.75	-30.70
182.07	113.83	-29.36
204.16	124.27	-29.66
212.71	135.38	-29.11
211.98	142.94	-25.02
207.40	144.65	-16.72
204.53	140.20	-7.08
198.79	129.21	0.73
180.36	113.53	6.35
153.38	96.92	10.99
133.36	85.39	14.71
127.20	83.44	18.07
132.14	88.38	20.94
141.85	95.09	21.24
147.16	99.49	18.68
142.40	97.72	15.20
128.72	89.66	12.08
111.15	78.61	10.31
92.22	66.53	10.86
47.91	42.79	17.03
22.03	30.88	20.51
-8.85	17.58	25.02
-42.11	3.60	31.31
-85.94	-19.96	46.39
-105.65	-42.11	59.63
-116.09	-51.51	63.48
-126.71	-57.86	63.17
-137.33	-61.71	59.14
-148.32	-64.21	54.93
-159.42	-66.35	54.20
-169.01	-68.24	58.04
-176.03	-70.31	64.76
-181.34	-72.69	71.78
-187.56	-75.13	77.27
-189.15	-72.57	68.36
-190.12	-70.68	61.40
-187.99	-67.38	53.89
-177.49	-61.10	46.69
-158.81	-53.28	40.10
-140.01	-45.96	35.34
-126.77	-38.82	32.78
-116.33	-31.74	30.27
-102.78	-25.15	25.82
-84.96	-19.59	20.32
-67.32	-15.01	8.67
-92.71	-25.02	9.22
-99.37	-29.48	14.59
-101.38	-31.43	22.46
-99.73	-30.76	29.54
-92.04	-28.63	32.04
-80.81	-26.43	28.69
-73.61	-24.90	21.73
-72.81	-25.02	14.22
-76.11	-26.86	8.12
-81.54	-29.60	4.70
-85.63	-32.84	3.97
-86.12	-35.83	4.88
-84.29	-36.93	7.75
-82.21	-35.46	13.06
-81.54	-32.96	19.90
-84.29	-31.43	26.25
-91.92	-31.68	31.37
-104.98	-33.69	35.40
-132.08	-38.21	39.25
-131.47	-35.83	34.48
-119.14	-30.82	30.52
-101.50	-24.05	26.49
-81.79	-17.33	21.48
-64.94	-12.33	15.62
-57.37	-9.58	13.06
-61.95	-8.79	17.27
-75.07	-10.25	26.31
-91.06	-14.47	34.67
-107.06	-20.26	39.12
-117.31	-28.26	40.16
-98.51	-27.53	34.97
-68.91	-24.90	25.15
-39.00	-21.48	14.28
-17.33	-17.15	6.65
-7.45	-12.70	4.82
-9.95	-9.77	8.91
-25.51	-9.95	17.46
-51.45	-13.85	27.53
-76.72	-20.32	35.58
-88.20	-27.59	38.82
-83.25	-33.81	36.50
-68.36	-37.48	30.33
-50.90	-37.54	23.13
-37.90	-34.73	17.58
-33.39	-30.58	15.44
-38.33	-27.34	17.27
-52.25	-27.71	22.95
-70.68	-31.80	30.33
-85.02	-36.50	35.03
-86.06	-39.98	34.97
-71.96	-41.69	30.58
-47.91	-41.69	23.44
0.61	-35.64	10.13
12.88	-28.50	8.36
14.77	-20.75	10.31
6.04	-15.44	14.53
-11.84	-15.75	19.90
-34.06	-22.40	24.48
-53.41	-31.62	26.18
-61.52	-38.94	24.84
-55.60	-42.66	21.42
-42.05	-43.70	16.42
-31.13	-46.02	6.53
-42.60	-50.60	5.62
-58.78	-54.69	7.51
-68.85	-52.25	9.28
-67.02	-40.89	8.67
-57.31	-25.76	5.74
-48.34	-14.47	2.08
-43.46	-11.29	-1.04
-41.63	-15.20	-3.85
-49.62	-29.97	-8.12
-55.60	-30.52	-8.06
-56.82	-22.22	-7.08
-52.19	-8.79	-6.16
-42.97	3.72	-5.74
-30.33	10.86	-6.04
-18.80	12.88	-7.39
-10.19	12.33	-9.58
-3.42	6.77	-15.01
-8.91	0.98	-18.55
-8.61	0.31	-15.38
-7.26	-0.49	-11.90
-5.49	-1.28	-9.89
-3.11	-0.92	-9.89
-1.53	2.44	-11.23
-2.81	9.16	-13.00
-9.46	15.50	-13.73
-18.80	17.52	-12.51
-22.46	13.55	-10.56
-21.55	11.60	-11.66
-17.21	9.83	-13.24
-9.03	8.36	-14.65
-0.73	9.40	-15.81
1.83	13.92	-16.54
-3.60	19.35	-16.11
-11.96	23.32	-14.04
-15.26	24.54	-11.23
-10.68	22.28	-9.70
2.20	16.11	-13.73
5.19	17.76	-17.46
0.79	24.41	-23.80
-2.87	28.14	-26.12
-3.60	31.80	-26.31
-4.27	33.87	-23.99
-5.49	34.24	-20.51
-3.85	32.84	-17.46
2.32	30.52	-15.87
9.46	29.72	-16.60
12.33	30.21	-18.19
8.24	29.05	-17.88
-2.08	25.70	-15.50
-14.53	21.18	-12.39
-24.66	15.87	-8.85
-30.70	10.68	-5.00
-34.12	5.68	-1.10
-41.32	-6.59	5.19
-43.40	-9.58	6.53
-38.57	-6.90	10.99
-33.75	-8.91	15.14
-25.88	-11.54	17.94
-12.94	-12.57	18.01
4.88	-11.41	15.14
22.58	-9.16	10.68
34.67	-6.35	6.77
40.28	-1.71	4.09
42.66	4.64	1.71
45.65	9.70	-1.10
53.04	10.86	-4.27
69.27	9.16	-8.00
100.16	9.22	-14.22
150.15	15.62	-26.98
214.42	28.63	-48.10
273.80	42.66	-71.29
304.93	50.05	-86.06
297.49	47.85	-86.85
257.20	39.73	-74.52
199.10	31.13	-54.14
142.64	25.27	-32.29
106.08	23.07	-15.26
102.78	23.01	-8.00
134.22	24.35	-12.45
185.55	27.89	-25.94
234.19	32.96	-42.18
262.63	36.50	-54.81
263.67	36.74	-60.24
241.21	35.52	-57.98
185.55	38.45	-34.79
173.71	42.48	-21.55
178.16	44.92	-15.93
196.78	44.13	-19.23
218.26	40.47	-26.55
228.27	36.07	-33.14
219.48	34.91	-38.64
195.98	37.23	-42.72
166.08	39.00	-41.87
136.90	36.99	-34.73
115.72	31.56	-25.45
109.25	24.84	-19.47
119.38	19.35	-19.17
140.01	14.77	-23.07
158.94	8.61	-27.53
165.22	1.10	-30.21
154.48	-4.27	-31.56
129.46	-4.58	-33.02
96.86	-2.01	-33.02
61.52	-0.85	-28.44
28.02	-4.03	-19.53
3.85	-11.35	-10.56
-6.35	-20.51	-5.86
-3.60	-29.42	-6.71
6.96	-36.80	-10.86
18.55	-41.32	-13.73
25.02	-43.95	-12.88
24.17	-46.02	-9.64
17.46	-44.62	-6.41
8.18	-36.56	-4.09
0.31	-23.93	-2.56
-3.30	-12.27	-2.08
-1.28	-6.23	-3.05
6.90	-7.02	-5.68
19.10	-13.55	-8.42
31.74	-21.24	-10.68
39.18	-23.25	-14.47
35.77	-17.40	-18.37
22.28	-8.67	-17.58
4.64	-1.95	-10.56
-10.07	1.10	-1.28
-14.59	-1.16	4.09
-9.03	-5.31	0.43
6.10	-14.83	-5.00
9.58	-18.25	-5.68
9.40	-19.84	-6.77
5.98	-19.23	-7.81
-1.40	-17.88	-7.08
-12.08	-18.19	-4.76
-23.50	-20.51	-2.69
-37.96	-26.55	-4.88
-40.65	-31.31	-9.64
-41.56	-36.74	-15.69
-41.63	-40.22	-21.91
-40.10	-40.65	-28.08
-34.55	-39.61	-34.55
-23.50	-38.70	-41.75
-9.03	-38.15	-49.62
3.72	-35.83	-56.21
10.86	-29.72	-58.72
14.95	-19.59	-56.46
25.94	-7.14	-52.55
49.26	5.31	-50.17
120.97	31.86	-49.26
160.71	49.07	-51.51
191.16	66.47	-54.26
208.01	81.18	-53.71
209.78	91.86	-49.07
199.95	97.29	-42.11
192.99	98.75	-34.79
197.57	99.00	-19.04
185.91	93.32	1.53
176.70	90.09	11.84
173.65	88.75	20.87
174.07	89.66	26.79
172.67	91.19	25.94
166.02	91.67	18.01
153.93	90.27	8.42
140.50	86.61	3.30
127.93	82.28	5.43
117.61	80.02	12.45
123.35	87.46	22.71
134.58	98.88	21.42
142.03	102.29	15.75
143.01	97.23	9.95
136.66	90.52	8.00
124.08	79.83	11.41
100.65	64.27	19.53
69.09	47.18	29.11
37.60	29.30	38.09
7.08	10.07	48.03
-26.25	-10.07	60.97
-64.15	-29.24	75.01
-101.26	-44.25	84.96
-153.63	-56.88	85.33
-162.05	-52.73	73.67
-140.50	-46.20	36.44
-138.00	-55.48	26.79
-163.27	-82.34	29.72
-193.42	-108.09	41.56
-219.06	-127.14	49.87
-233.40	-142.82	34.42
-170.10	-142.40	-15.26
-120.97	-133.67	-38.64
-83.07	-121.22	-51.57
-60.36	-107.54	-53.65
-47.55	-97.11	-49.68
-42.42	-94.67	-45.84
-44.92	-99.85	-45.72
-51.39	-106.93	-48.52
-55.54	-109.37	-51.27
-52.12	-102.36	-53.59
-39.06	-86.06	-55.66
-17.15	-64.27	-55.60
10.80	-40.71	-52.06
38.82	-18.25	-46.08
61.10	1.40	-40.22
76.29	17.64	-36.80
90.94	31.86	-36.13
111.15	48.03	-36.13
135.99	67.93	-34.73
160.52	88.13	-31.86
181.82	103.39	-28.02
200.26	112.00	-22.40
214.78	116.03	-14.04
222.23	117.25	-3.66
223.88	116.21	7.69
222.78	114.93	19.78
217.10	114.69	31.13
205.75	113.59	38.94
194.52	111.02	41.56
186.95	108.46	40.41
178.59	105.41	38.33
168.27	100.22	36.87
157.23	91.49	37.96
138.49	79.22	44.19
104.19	65.55	54.87
58.96	49.32	65.12
13.73	28.08	71.59
-27.83	4.76	75.99
-67.57	-15.87	80.93
-107.12	-30.70	86.43
-141.36	-37.17	88.50
-163.15	-35.52	83.19
-180.73	-38.82	65.98
-188.60	-45.59	61.83
-191.53	-47.97	52.67
-189.64	-50.11	39.37
-189.88	-62.74	36.62
-195.68	-79.71	45.35
-207.03	-87.95	49.87
-222.35	-89.54	45.78
-238.16	-90.70	40.34
-250.67	-92.35	39.12
-254.64	-93.63	41.87
-248.41	-94.79	45.23
-237.18	-94.97	45.59
-227.97	-93.20	42.11
-226.38	-90.82	37.66
-227.72	-88.87	35.71
-224.43	-85.57	37.48
-219.54	-79.65	42.85
-217.22	-65.73	52.19
-196.29	-53.83	39.86
-176.70	-51.76	25.39
-158.26	-53.59	13.67
-145.32	-51.64	14.16
-136.90	-41.14	21.48
-127.99	-29.72	23.07
-115.36	-24.72	17.64
-104.25	-24.60	12.51
-99.49	-25.57	11.11
-97.29	-25.45	11.47
-86.61	-20.45	10.13
-71.23	-21.48	12.63
-64.33	-23.93	13.37
-58.96	-25.02	13.24
-58.53	-23.99	13.24
-61.65	-20.87	13.18
-62.50	-16.97	12.76
-58.41	-13.55	12.08
-54.75	-11.35	11.72
-56.46	-10.50	12.02
-62.19	-11.05	13.00
-69.21	-13.24	14.95
-99.30	-23.80	24.41
-132.51	-30.52	36.87
-103.70	-23.50	39.49
-83.74	-21.42	36.93
-69.46	-20.75	35.34
-60.00	-19.65	34.24
-53.16	-17.82	33.14
-48.40	-17.46	31.98
-42.79	-18.62	30.70
-32.65	-18.68	28.99
-15.99	-16.78	26.25
7.69	-13.67	22.03
35.83	-9.89	16.24
63.54	-6.47	9.40
89.66	-4.94	2.69
114.44	-4.94	-3.11
136.05	-3.78	-8.18
152.47	0.12	-12.27
162.35	4.70	-13.85
166.87	8.18	-12.45
172.18	10.93	-10.62
184.51	13.31	-11.60
204.41	15.44	-15.56
253.97	23.38	-25.33
278.14	29.11	-29.79
292.48	35.83	-33.39
289.98	45.29	-35.10
273.25	56.40	-34.61
252.44	60.00	-33.63
220.83	43.09	-40.04
208.37	45.59	-48.40
184.02	34.18	-49.01
166.38	23.25	-37.96
153.69	22.52	-30.09
150.15	26.61	-27.16
153.14	28.26	-23.86
171.20	21.73	-13.12
181.95	17.27	-13.92
188.96	13.37	-18.37
191.47	12.15	-21.79
189.21	15.69	-22.34
179.93	23.01	-21.55
166.14	30.09	-20.26
152.47	33.69	-17.15
125.79	29.60	-4.82
120.18	26.79	0.18
122.56	25.45	2.69
129.27	25.33	3.23
135.68	27.40	3.17
139.22	32.65	2.75
138.37	39.61	1.22
131.29	45.17	-1.46
121.40	47.85	-3.78
112.06	48.40	-4.33
103.21	47.36	-3.42
95.34	43.46	-2.08
86.91	36.50	-0.06
76.48	31.25	3.91
60.91	30.21	9.40
35.10	30.27	14.40
0.98	28.44	17.88
-31.13	26.12	20.69
-55.05	28.02	24.54
-72.14	34.42	28.26
-80.69	37.48	28.63
-78.31	32.35	26.00
-66.83	24.23	23.74
-49.38	19.53	22.71
-30.70	18.92	21.48
-13.98	20.51	19.96
3.17	22.28	21.85
17.40	22.46	31.56
13.73	19.78	47.36
-20.75	13.49	62.87
-66.89	4.33	74.52
-90.03	-2.93	77.09
-96.37	-2.75	69.46
-101.87	2.81	56.82
-101.20	7.14	41.32
-86.55	6.96	25.39
-58.47	2.32	13.61
