0.85	0.79	3.97
1.04	2.01	2.62
1.10	3.42	1.83
0.67	4.46	2.08
-0.49	4.39	2.26
-1.95	2.32	0.79
-2.69	-1.34	-2.14
-2.99	-5.00	-4.76
-2.93	-7.45	-6.10
-1.28	-8.61	-7.08
2.69	-9.03	-8.73
7.02	-8.97	-10.68
9.46	-8.24	-11.90
9.70	-6.96	-13.18
9.77	-5.25	-16.60
12.21	-3.54	-23.50
17.76	-2.69	-32.96
32.29	-5.37	-47.91
54.63	-12.08	-48.65
98.88	-8.18	-50.84
155.33	29.79	-54.50
169.80	83.98	-51.03
162.17	91.37	-48.77
150.09	85.45	-45.29
116.15	70.19	-24.23
103.76	69.76	-6.53
86.12	77.15	18.13
77.39	82.52	21.73
65.73	88.87	27.28
46.08	91.86	39.49
27.04	88.13	54.32
18.43	82.03	63.17
16.42	75.26	64.76
12.33	66.47	65.49
-1.28	57.98	68.24
-21.06	53.28	69.76
-30.64	51.70	67.81
-21.18	51.27	62.19
-11.47	51.21	53.65
-41.56	47.06	48.16
-62.56	40.10	54.50
-82.28	31.43	63.11
-99.79	24.23	70.31
-112.73	19.17	77.39
-122.44	13.49	90.21
-128.78	6.71	106.26
-125.31	-3.23	106.08
-98.02	-15.38	74.34
-91.43	-23.01	62.32
-93.51	-29.42	55.66
-100.46	-34.79	54.02
-111.21	-40.71	56.76
-128.17	-48.95	62.32
-149.35	-59.51	67.75
-169.80	-71.96	70.13
-188.48	-86.12	69.52
-215.33	-113.53	68.54
-224.30	-123.96	71.04
-234.07	-132.26	75.68
-236.76	-134.89	78.61
-222.90	-128.42	74.34
-195.86	-118.16	64.51
-169.74	-112.49	56.82
-158.51	-112.24	56.21
-164.00	-114.26	60.79
-176.09	-117.07	65.61
-184.94	-121.89	67.81
-188.78	-128.85	67.57
-189.21	-135.93	65.73
-172.97	-139.53	56.34
-120.85	-125.00	42.48
-90.64	-111.51	35.28
-71.11	-87.10	23.25
-76.66	-84.72	18.55
-78.06	-93.08	17.27
-81.97	-94.67	17.27
-81.36	-91.92	18.25
-72.02	-84.59	19.65
-56.46	-75.20	19.04
-39.73	-67.14	14.16
-25.45	-61.58	5.62
-17.46	-57.98	-2.26
-18.74	-56.58	-5.31
-28.87	-57.62	-3.48
-43.27	-59.81	0.85
-57.01	-59.81	6.10
-65.67	-55.85	10.44
-67.26	-50.66	11.60
-62.50	-47.24	9.52
-52.92	-44.13	5.86
-40.47	-38.45	1.95
-22.46	-22.64	-4.09
-25.02	-20.02	-3.54
-36.07	-24.23	0.43
-50.48	-32.41	6.53
-61.22	-39.12	12.51
-63.90	-41.14	16.48
-59.08	-39.31	16.66
-49.68	-36.07	12.88
-26.00	-28.50	0.49
-18.86	-23.32	-7.81
-27.53	-26.86	-6.84
-41.69	-35.22	-0.92
-55.11	-44.43	6.71
-63.29	-50.11	12.27
-64.33	-50.72	14.59
-57.74	-46.94	13.73
-44.74	-39.79	10.01
-28.87	-31.07	2.87
-14.53	-23.74	-6.04
-9.09	-26.55	-8.54
-24.78	-37.05	-0.98
-43.40	-48.89	6.41
-56.03	-57.56	10.99
-59.39	-60.18	12.88
-54.57	-56.52	12.21
-44.01	-48.77	8.61
-29.11	-39.61	3.17
-12.02	-31.49	-2.20
2.14	-26.61	-6.47
-5.00	-34.30	-9.46
-24.41	-45.47	-6.23
-41.20	-55.24	-1.65
-49.50	-58.29	1.53
-49.07	-54.08	2.69
-41.87	-45.84	2.44
-30.15	-37.48	1.46
-17.09	-31.92	-0.18
-2.99	-34.55	-3.36
-11.11	-42.97	-1.46
-28.56	-54.20	3.11
-44.92	-63.66	7.93
-54.20	-66.41	10.93
-58.72	-62.68	12.82
-60.36	-54.57	20.14
-57.62	-54.02	25.02
-61.04	-56.88	22.83
-61.28	-60.12	22.95
-63.72	-63.84	25.09
-68.54	-67.57	28.50
-73.97	-70.92	32.04
-77.45	-73.12	34.42
-76.54	-72.94	33.57
-69.70	-70.37	29.05
-57.56	-66.16	22.40
-43.64	-61.77	15.93
-23.99	-55.97	8.73
-18.25	-54.08	6.47
-13.55	-50.90	3.36
-9.64	-45.17	-1.71
-6.84	-38.09	-8.48
-6.04	-30.76	-15.87
-6.96	-22.89	-23.50
-7.08	-13.73	-31.01
-6.96	-4.46	-36.99
-7.81	2.81	-40.28
-6.71	7.26	-41.14
-1.59	11.05	-41.50
5.00	17.76	-43.40
10.50	28.87	-47.91
14.95	42.54	-54.81
18.92	55.73	-61.77
24.78	65.25	-67.08
34.18	68.48	-69.89
44.31	66.47	-71.11
49.87	64.64	-72.39
46.33	74.77	-75.07
48.28	85.82	-76.42
54.93	97.47	-77.64
60.30	106.02	-74.16
53.41	98.51	-69.46
36.38	76.48	-64.15
31.98	68.66	-66.16
28.32	67.20	-69.03
24.23	72.27	-60.06
22.03	71.59	-53.47
16.97	56.27	-44.31
10.07	47.73	-42.79
0.24	43.58	-42.60
-8.42	44.25	-42.97
-10.07	50.17	-41.75
-3.78	52.49	-40.47
1.65	54.99	-39.37
0.61	56.46	-37.17
-7.39	55.11	-33.14
-16.36	51.64	-28.93
-20.32	48.65	-26.92
-18.07	48.16	-27.59
-13.37	49.38	-28.81
-9.70	51.21	-29.11
-8.73	54.50	-28.44
-12.33	59.88	-25.15
-2.93	55.91	-25.51
2.56	53.16	-27.34
4.70	49.62	-28.75
6.23	44.80	-29.11
7.75	39.61	-27.83
6.23	35.64	-23.93
3.11	34.30	-18.86
2.44	36.01	-15.69
4.46	39.67	-14.89
6.59	43.09	-14.83
6.41	43.76	-14.04
4.33	40.22	-12.63
3.72	34.55	-11.84
6.23	30.64	-12.57
9.70	29.30	-14.28
12.51	29.36	-15.81
13.31	30.52	-16.05
11.23	32.41	-14.71
4.76	37.23	-11.17
1.53	38.09	-11.17
12.70	36.74	-21.48
21.24	32.96	-21.12
15.87	28.56	-11.66
8.36	25.45	-7.20
4.33	21.55	-1.10
3.36	19.29	0.55
6.35	20.57	-0.49
12.94	26.00	-2.44
11.11	26.67	-0.67
8.48	25.70	1.46
9.58	25.45	1.95
14.71	26.61	0.61
19.90	26.37	-0.85
22.58	23.80	-1.16
24.05	21.55	-0.37
26.55	20.94	0.31
31.56	20.57	0.85
40.16	20.26	1.65
51.51	21.91	2.20
60.85	24.90	2.20
64.94	24.96	1.28
67.75	19.53	-1.59
77.70	12.08	-7.39
101.99	8.97	-15.69
142.15	12.70	-25.15
192.32	20.94	-35.77
241.15	29.79	-47.49
278.38	37.29	-57.62
298.58	43.88	-62.93
292.18	56.09	-60.00
277.65	59.20	-56.88
263.98	59.27	-54.75
244.45	57.01	-54.08
208.92	49.68	-51.45
157.71	32.96	-28.32
151.06	40.53	-14.40
146.24	53.47	-0.49
138.92	61.34	12.88
125.24	59.45	23.93
105.04	50.17	31.86
79.41	38.88	38.76
49.80	30.46	48.34
17.58	25.33	62.50
-17.52	20.51	79.16
-53.34	13.79	94.24
-88.13	5.74	105.71
-120.61	-3.11	114.01
-147.22	-14.34	120.48
-175.66	-38.94	121.46
-171.20	-54.32	106.45
-149.78	-46.39	102.91
-140.56	-32.47	106.20
-132.14	-18.37	107.18
-123.84	-9.28	102.60
-119.81	-7.02	94.79
-127.14	-11.66	88.38
-144.59	-22.95	85.69
-162.66	-39.12	85.45
-170.96	-54.99	84.66
-164.61	-64.70	81.91
-148.93	-65.80	77.58
-130.55	-59.81	72.14
-110.53	-49.87	65.61
-90.94	-39.25	58.41
-77.94	-31.07	51.70
-75.20	-27.83	46.20
-83.31	-30.40	42.11
-96.92	-36.93	39.55
-105.77	-43.46	38.39
-105.16	-47.61	37.54
-98.63	-49.56	35.71
-90.39	-50.29	32.90
-79.16	-49.38	27.22
-82.21	-42.79	25.63
-92.77	-32.29	27.89
-84.35	-30.40	32.41
-80.44	-40.41	33.57
-93.26	-44.68	35.77
-108.95	-48.58	40.10
-115.60	-51.39	42.85
-110.23	-51.88	42.42
-102.23	-50.17	40.34
-97.41	-48.28	37.72
-94.97	-47.85	34.48
-93.57	-48.83	31.62
-92.22	-50.29	31.56
-91.06	-51.39	35.52
-89.23	-52.67	45.04
-85.63	-53.34	45.41
-78.92	-53.04	43.70
-64.88	-49.56	40.59
-59.14	-47.91	40.16
-53.59	-46.14	40.89
-47.49	-44.62	42.54
-38.51	-44.13	44.37
-23.44	-43.46	45.04
-4.21	-39.86	42.24
14.59	-33.51	35.03
32.17	-27.28	25.21
48.89	-23.86	15.69
64.64	-23.62	9.28
80.57	-24.60	6.04
98.57	-24.72	3.54
120.18	-23.01	0.49
147.89	-19.47	-2.69
230.77	-10.93	-13.55
313.66	-0.85	-22.28
367.31	8.36	-22.03
399.66	11.90	-37.72
415.65	15.93	-44.68
426.39	21.12	-46.57
418.58	29.42	-40.28
388.00	36.56	-21.00
366.09	36.62	-12.94
338.01	32.47	-7.26
310.18	28.32	-1.28
297.12	32.10	6.47
302.55	34.67	4.64
284.85	32.53	-0.73
267.09	30.09	-0.73
248.84	28.87	0.67
232.06	30.64	3.17
222.72	37.41	5.74
222.41	47.49	7.14
230.59	55.79	7.87
245.61	59.51	6.23
259.70	60.67	0.18
258.24	63.78	-6.77
239.87	69.95	-10.93
222.23	77.58	-14.47
218.57	85.63	-20.20
224.98	93.32	-27.40
228.39	99.91	-34.12
222.66	103.58	-38.09
215.21	103.58	-38.51
215.64	102.29	-36.38
223.94	101.26	-33.33
233.52	100.89	-26.18
225.83	98.88	-23.19
185.00	85.02	-15.50
165.34	76.72	-11.35
156.49	72.02	-8.48
157.71	75.20	-3.66
163.45	82.89	1.16
163.02	81.60	0.61
115.60	50.84	1.77
76.11	37.54	7.02
37.23	30.64	10.19
4.46	27.77	10.56
-23.38	24.60	11.17
-49.01	18.74	13.61
-74.34	10.38	17.64
-96.56	1.95	21.79
-102.42	-3.72	18.07
-83.98	-2.50	10.50
-62.44	-1.10	3.30
-46.69	-0.67	-1.65
-42.30	-1.95	-3.17
-47.42	-4.64	-1.71
-56.15	-7.45	0.79
-66.83	-9.64	3.30
-78.74	-10.62	6.47
-88.62	-11.23	9.70
-95.15	-13.00	12.27
-98.08	-15.14	14.65
-95.95	-16.54	15.44
-88.87	-19.53	12.82
-80.87	-25.63	7.57
-83.68	-28.69	-0.12
-114.62	-27.65	-4.15
-138.98	-33.26	-4.33
-162.05	-39.49	-3.30
-177.73	-44.37	-1.83
-182.80	-46.26	-0.61
-175.35	-44.25	-0.06
-130.07	-34.91	-0.31
-102.84	-33.81	-1.77
-79.28	-35.71	-4.94
-62.62	-39.25	-9.28
-54.32	-44.13	-13.67
-61.40	-53.83	-13.85
-73.00	-54.50	-8.18
-83.56	-51.70	-1.28
-88.13	-46.75	3.91
-84.11	-40.41	3.60
-73.61	-34.06	-2.38
-62.81	-29.30	-9.95
-57.01	-27.34	-15.32
-57.31	-28.56	-17.82
-61.58	-32.17	-18.49
-66.47	-35.40	-17.94
-68.91	-34.85	-15.69
-67.44	-30.03	-10.99
-49.62	-15.75	2.44
-16.91	-1.16	-1.16
-4.58	2.93	-11.11
0.49	3.85	-21.18
-1.59	3.36	-27.16
-8.06	3.85	-27.10
-14.83	5.43	-22.34
-16.66	7.14	-15.93
-8.85	11.35	-10.74
10.62	20.87	-9.09
40.10	34.48	-12.27
74.58	48.10	-19.84
108.89	59.02	-28.99
142.70	69.15	-35.28
177.73	83.25	-36.13
248.78	121.15	-27.59
278.99	135.44	-25.88
305.36	141.36	-31.31
297.67	134.83	-27.53
277.10	125.43	-16.91
250.31	117.31	-7.08
229.31	112.49	-3.48
218.75	112.61	-2.26
216.19	116.15	0.37
200.99	119.75	6.16
194.03	116.82	8.61
183.53	108.58	10.99
164.79	96.68	14.89
138.98	84.35	20.81
109.92	71.17	28.14
78.74	55.79	36.07
45.10	38.76	43.52
11.11	21.85	49.44
-18.49	6.65	53.16
-39.86	-6.10	54.75
-52.80	-16.17	54.14
-61.52	-23.19	51.51
-70.68	-26.12	46.87
-80.02	-25.27	40.53
-87.22	-22.95	34.55
-91.61	-21.85	30.88
-90.88	-26.92	28.87
-88.68	-31.80	28.56
-86.43	-35.95	27.83
-82.64	-37.90	25.88
-74.77	-36.07	21.42
-60.18	-29.72	13.73
-39.43	-20.26	4.39
-16.66	-10.74	-3.54
11.35	-1.22	-6.23
7.93	-2.93	-2.62
-30.52	-14.04	4.15
-92.65	-26.67	7.45
-126.10	-34.18	11.60
-158.08	-42.66	18.31
-186.52	-51.21	26.31
-208.86	-58.72	35.46
-218.93	-64.45	45.65
-216.13	-67.20	53.28
-211.98	-66.83	55.54
-213.99	-65.19	53.34
-210.27	-60.30	46.08
-201.35	-53.41	45.35
-204.65	-53.28	46.20
-209.17	-53.89	48.89
-206.48	-51.70	52.12
-186.16	-45.78	51.45
-149.41	-37.66	45.23
-113.16	-29.60	35.64
-88.38	-23.56	24.72
-63.05	-19.23	5.74
-60.49	-19.47	3.60
-84.17	-23.93	14.89
-124.15	-31.43	29.85
-138.31	-34.79	33.75
-141.60	-35.28	34.42
-130.13	-32.53	31.25
-105.77	-28.50	23.80
-76.84	-24.41	14.28
-51.09	-19.96	5.98
-32.17	-15.20	0.43
-22.16	-11.41	-2.69
-22.28	-10.01	-1.46
-48.89	-15.08	8.48
-84.35	-20.57	19.53
-94.12	-22.34	21.30
-88.68	-23.99	16.66
-77.21	-24.41	10.86
-61.71	-21.79	6.04
-46.14	-16.66	2.20
-33.87	-10.80	-0.85
-28.56	-6.41	-2.44
-32.04	-4.82	-1.77
-40.65	-5.68	1.28
-55.73	-10.80	9.09
-55.91	-12.70	7.87
-44.62	-9.64	3.66
-26.25	-4.58	-0.73
-7.69	-0.37	-4.09
1.71	0.98	-5.43
-2.99	-0.12	-3.66
-18.68	-2.38	1.46
-39.12	-4.15	8.36
-57.01	-5.62	13.85
-54.50	-13.00	10.38
-37.90	-15.08	4.15
-21.55	-13.00	-0.31
-12.27	-8.91	-1.10
-13.85	-6.53	1.77
-26.98	-7.39	8.06
-49.74	-9.70	17.15
-75.93	-11.60	27.47
-95.70	-12.88	35.95
-96.01	-18.01	38.45
-78.92	-21.48	32.90
-51.82	-22.34	25.57
-22.03	-19.90	18.74
-2.26	-17.09	14.83
3.60	-15.44	15.20
1.04	-13.12	20.14
-5.80	-8.73	28.08
-16.85	-5.49	34.00
-29.24	-8.67	33.02
-34.12	-16.11	25.82
-26.79	-20.26	17.40
-11.29	-17.64	11.23
6.23	-11.66	7.87
23.44	-6.90	6.41
40.22	-3.66	6.29
53.34	0.12	7.45
57.74	4.39	8.85
52.86	7.63	9.34
42.91	8.54	10.86
33.20	7.26	13.79
28.99	5.62	13.37
32.78	5.62	8.18
61.83	5.49	2.44
89.84	9.64	-1.59
126.65	22.22	-10.44
165.22	40.16	-21.00
195.56	55.79	-29.54
209.78	62.38	-33.87
208.31	58.96	-33.39
198.79	43.76	-25.57
225.46	50.54	-29.11
245.61	60.73	-36.01
262.94	71.59	-43.27
272.03	80.93	-48.95
268.68	85.94	-51.64
254.03	83.92	-51.03
233.95	75.44	-47.73
185.73	52.55	-35.71
157.29	43.70	-30.46
131.41	36.87	-28.50
112.18	30.46	-28.32
99.24	23.50	-27.34
83.37	2.99	-22.95
78.86	-10.01	-20.57
75.68	-21.73	-18.13
66.16	-29.42	-16.54
45.65	-31.19	-18.49
21.55	-28.93	-26.55
1.10	-28.02	-39.06
-14.22	-31.68	-50.29
-26.06	-37.90	-56.76
-36.13	-43.33	-59.57
-44.86	-47.12	-60.55
-50.54	-49.68	-59.02
-50.05	-51.03	-52.73
-40.53	-50.78	-41.87
-23.44	-49.19	-30.64
-4.64	-46.69	-24.66
13.73	-43.09	-28.44
29.36	-38.02	-41.26
37.05	-31.43	-55.30
35.71	-24.48	-61.77
28.63	-19.10	-57.86
21.61	-16.91	-47.12
21.61	-15.93	-34.73
34.73	-10.50	-24.29
62.56	5.37	-16.72
103.39	33.94	-12.02
151.00	69.64	-12.57
189.33	98.82	-17.58
203.98	118.71	-21.48
202.27	125.92	-24.90
198.06	135.19	-25.76
179.50	124.51	-0.24
207.46	107.73	31.43
217.65	110.60	45.47
218.63	113.16	53.77
209.96	113.71	57.98
190.67	110.84	60.73
163.88	98.63	60.85
136.78	75.62	57.25
110.96	51.03	52.86
82.28	33.33	50.84
53.34	22.89	51.51
27.89	16.24	53.22
3.17	9.77	54.38
-23.93	1.53	55.48
-51.15	-7.51	57.92
-72.20	-14.71	61.46
-86.79	-19.71	65.06
-100.16	-25.02	67.38
-116.39	-33.45	68.18
-136.23	-44.56	68.05
-156.68	-54.50	65.92
-172.30	-61.16	60.67
-187.56	-70.43	48.71
-191.04	-74.77	44.62
-191.04	-76.48	41.99
-190.00	-75.32	42.18
-188.90	-74.04	44.80
-189.03	-74.77	47.24
-192.20	-77.58	46.81
-196.41	-80.93	42.60
-195.86	-82.34	36.25
-190.55	-80.14	30.70
-174.99	-71.17	28.02
-160.71	-70.80	26.98
-147.64	-71.59	24.17
-136.47	-68.91	20.69
-121.40	-60.67	16.42
-107.24	-48.22	11.11
-97.78	-34.97	6.16
-90.21	-24.90	2.75
-84.41	-19.71	1.77
-81.24	-19.17	6.84
-89.11	-25.76	13.31
-93.57	-28.87	15.38
-96.19	-23.01	15.38
-96.37	-18.37	13.79
-97.66	-17.40	12.94
-99.73	-19.84	14.22
-102.54	-23.74	17.82
-106.45	-27.40	22.22
-110.60	-29.54	25.39
-112.79	-29.05	25.09
-92.53	-21.24	14.04
-72.45	-16.85	7.75
-53.16	-13.37	3.11
-39.55	-11.05	0.37
-32.10	-9.89	-0.92
-27.65	-9.40	-0.73
-25.09	-8.67	0.92
-28.69	-9.03	7.08
-53.41	-11.60	9.03
-58.29	-17.33	10.38
-32.84	-10.80	11.60
-27.53	-9.58	13.55
-28.44	-8.06	16.17
-38.02	-7.08	18.49
-54.75	-9.09	20.81
-72.57	-14.16	23.93
-85.75	-19.59	27.89
-91.61	-23.25	31.68
-89.84	-24.78	33.94
-80.99	-24.29	33.51
-67.38	-21.42	30.76
-46.26	-9.34	23.13
-40.59	-4.88	19.53
-39.31	-4.52	17.46
-44.19	-7.87	18.74
-53.53	-13.06	23.50
-63.11	-18.25	29.48
-69.76	-22.34	34.12
-71.53	-24.41	35.64
-67.02	-23.56	33.51
-56.64	-20.02	28.81
-43.40	-15.01	23.50
-31.25	-10.44	19.10
-22.52	-8.18	16.36
-17.88	-8.54	15.62
-15.93	-10.31	16.66
-14.34	-12.27	17.88
-11.96	-15.38	16.66
-11.66	-16.17	14.47
-11.17	-16.48	11.96
-10.86	-16.60	9.52
-14.22	-16.72	7.69
-24.54	-16.60	7.32
-43.64	-16.17	8.12
-68.54	-16.11	9.70
-91.19	-13.49	3.78
-67.44	-6.96	-8.97
-39.55	-0.55	-21.48
-18.13	3.30	-27.77
-8.91	3.78	-26.12
-15.69	0.49	-18.37
-35.34	-5.13	-6.84
-98.39	-8.97	23.80
-83.44	-0.12	18.13
-41.93	0.24	7.26
-22.52	-1.04	5.31
3.30	1.59	3.60
9.09	3.91	3.05
9.52	5.07	2.62
5.07	3.78	2.50
-3.54	-0.67	3.97
-14.16	-7.26	7.51
-20.39	-13.06	11.29
17.94	-7.45	7.08
37.05	-1.16	2.75
71.04	7.45	-6.16
89.17	8.54	-12.27
111.76	8.73	-20.94
170.72	9.52	-37.96
203.49	10.56	-43.52
234.50	11.78	-47.49
257.14	13.85	-50.35
268.55	17.15	-51.94
273.32	20.81	-52.80
276.43	23.74	-53.53
278.56	26.31	-53.71
277.22	30.03	-52.86
272.03	34.79	-50.54
266.17	38.88	-46.39
259.46	41.44	-41.02
246.58	43.09	-36.13
231.32	45.04	-32.84
225.40	47.91	-32.41
228.27	50.23	-34.97
232.12	49.93	-38.27
234.80	47.36	-39.92
234.25	45.04	-39.31
231.20	44.92	-36.44
228.21	47.06	-32.47
220.70	51.15	-26.49
215.09	49.87	-24.96
205.26	45.96	-23.86
164.73	31.62	-18.62
121.95	16.54	-10.80
113.89	16.30	-11.05
109.80	21.61	-13.12
104.49	26.86	-13.49
96.13	26.86	-11.05
86.67	22.58	-7.57
76.48	19.29	-4.15
64.27	20.81	-0.85
49.99	26.79	1.89
37.78	33.81	3.36
31.49	39.12	3.85
28.02	41.44	3.78
20.32	33.94	-0.31
17.52	24.54	-2.99
11.78	14.65	-3.91
-1.53	7.39	-2.14
-21.55	4.03	3.72
-39.98	4.46	16.11
-58.23	5.37	33.45
-77.45	5.19	48.10
-83.37	8.73	58.84
-74.16	15.14	69.89
-58.96	17.70	77.76
-48.03	13.73	75.20
-44.92	2.99	58.17
-38.27	-8.79	32.90
-23.68	-13.06	14.34
-17.21	-8.54	11.96
-30.27	-1.46	20.87
-50.84	4.76	30.82
-63.42	21.00	37.35
-56.09	29.72	31.80
-40.83	19.71	2.69
-7.51	1.40	-20.26
6.41	1.40	-24.96
14.77	2.93	-26.06
9.89	3.78	-19.96
