-40.28	-5.25	43.27
-27.28	-9.64	42.97
-7.63	-15.93	39.55
5.68	-25.88	35.28
-28.02	-66.22	30.33
-33.39	-86.24	32.29
-22.16	-103.94	25.21
-35.83	-105.10	20.87
-66.47	-111.76	26.61
-102.42	-129.39	44.56
-133.48	-154.24	68.85
-156.25	-178.53	86.00
-178.10	-197.75	81.91
-207.89	-215.76	57.68
-226.26	-234.19	26.43
-215.33	-248.96	-0.37
-191.47	-259.64	-16.30
-181.03	-272.28	-20.02
-191.41	-290.71	-17.88
-205.26	-310.55	-20.75
-209.72	-325.44	-36.32
-202.64	-334.78	-63.42
-185.67	-339.84	-93.57
-165.83	-335.82	-118.65
-149.35	-315.43	-134.40
-125.49	-269.23	-133.24
-82.95	-191.47	-109.19
-5.25	-53.04	-74.10
44.19	-34.73	-88.20
96.19	-33.94	-101.62
140.20	-30.70	-99.73
177.06	-17.52	-87.83
213.07	4.03	-78.06
242.80	28.20	-73.67
251.77	47.67	-69.09
238.04	59.45	-58.84
213.75	65.92	-42.79
193.97	71.41	-26.92
192.57	80.69	-20.87
208.37	99.61	-38.02
211.67	129.09	-108.58
173.71	108.76	-95.15
83.01	54.93	0.55
75.32	53.04	34.24
93.26	61.77	48.58
121.77	69.82	50.23
140.08	74.22	50.72
137.88	79.83	56.46
122.44	92.35	67.26
107.24	114.69	82.15
100.28	144.04	100.04
102.05	171.63	116.03
113.77	187.74	122.92
135.13	186.34	119.51
152.77	171.63	113.89
151.61	156.25	115.23
134.03	151.92	126.71
114.26	159.12	143.74
106.51	162.60	158.20
112.67	149.84	159.73
104.37	135.31	172.97
74.58	123.17	192.57
35.95	113.77	199.95
4.09	102.54	184.69
-10.93	81.42	150.45
-14.28	46.33	109.25
-18.98	2.87	76.48
-30.33	-35.58	65.19
-50.90	-59.33	79.90
-79.16	-70.92	114.50
-112.37	-82.82	149.84
-152.89	-106.08	164.31
-190.00	-140.56	152.83
-214.97	-177.80	129.09
-241.64	-211.18	112.98
-268.37	-238.16	112.43
-261.90	-281.86	105.65
-245.30	-300.66	77.39
-236.69	-308.11	42.18
-230.90	-300.11	12.76
-219.73	-283.75	-1.16
-207.82	-270.57	3.30
-204.04	-264.34	20.57
-205.93	-259.77	40.77
-174.38	-244.69	53.22
-150.27	-238.16	29.36
-143.62	-230.04	-8.85
-147.52	-216.98	-38.45
-143.31	-196.23	-44.43
-124.08	-168.46	-33.39
-91.37	-138.79	-21.73
-32.41	-97.66	-18.74
-24.35	-84.23	-24.41
-18.37	-71.35	-32.59
-4.52	-60.36	-39.37
12.21	-51.88	-41.81
26.12	-45.47	-38.70
34.91	-40.71	-30.52
32.35	-35.34	-14.77
25.82	-32.90	-15.56
19.84	-29.79	-22.83
16.60	-27.65	-31.49
14.77	-27.95	-34.91
10.38	-30.94	-29.17
3.91	-36.38	-16.60
-5.43	-41.99	-3.85
-21.67	-36.62	1.16
-19.65	-24.17	-4.94
-11.72	-10.13	-10.99
-2.32	1.53	-13.24
3.30	8.24	-10.86
4.03	10.31	-6.53
3.42	11.47	-3.66
4.88	14.95	-3.78
8.54	19.47	-6.41
12.45	21.55	-10.99
15.75	17.88	-16.85
19.78	9.46	-20.39
25.02	1.04	-18.92
29.60	-3.30	-12.57
29.72	-3.36	-2.93
24.54	-1.04	4.70
16.30	2.38	4.21
5.07	4.94	-3.42
-7.75	4.94	-11.54
-16.85	2.93	-16.17
-15.93	0.73	-17.70
-4.52	-0.37	-16.72
10.56	1.40	-14.04
22.77	7.81	-11.23
27.16	17.58	-9.34
21.18	27.71	-8.54
10.44	34.91	-9.16
2.93	35.58	-12.08
2.01	27.40	-16.48
6.47	13.24	-20.87
12.70	0.61	-24.11
18.37	-4.21	-25.82
24.48	-0.12	-25.33
30.46	10.50	-21.30
32.35	23.74	-14.16
28.63	33.14	-8.18
21.36	32.41	-8.18
13.79	21.67	-15.56
8.61	5.19	-27.59
5.74	-11.60	-40.71
5.74	-22.16	-49.19
8.54	-22.16	-47.18
7.63	-11.11	-34.61
-2.20	5.37	-17.40
-16.60	18.07	-3.54
-26.73	22.34	0.00
-27.04	19.10	-7.87
-19.35	11.54	-20.20
-8.12	2.32	-28.63
1.65	-6.71	-30.64
5.19	-13.49	-28.20
1.22	-16.42	-23.68
-9.16	-16.36	-18.92
-22.95	-15.44	-16.42
-32.84	-15.93	-18.25
-33.20	-19.23	-23.56
-26.31	-24.48	-28.14
-17.58	-27.77	-28.08
-10.74	-24.17	-22.89
-9.22	-13.37	-14.83
-28.20	9.03	-2.38
-47.30	9.64	-6.41
-26.25	1.59	-18.43
-13.98	2.75	-19.10
-8.91	8.54	-14.89
-6.04	18.13	-8.79
2.32	31.49	-4.33
18.49	48.03	-3.66
36.99	62.74	-6.04
49.93	70.01	-6.16
48.65	67.20	-3.30
33.87	54.75	-9.03
15.20	37.72	-24.48
-1.46	24.84	-32.35
-9.09	24.54	-23.80
-0.85	38.51	-6.10
20.26	61.46	10.50
43.52	85.39	21.00
63.23	104.49	23.62
81.60	115.48	18.31
100.95	118.53	8.18
116.94	118.16	-0.98
126.46	122.56	-6.65
134.34	137.02	-9.40
148.07	161.25	-7.69
168.64	193.42	0.79
195.13	229.06	14.10
233.22	260.07	20.08
278.32	275.70	5.31
307.80	272.58	-28.63
295.29	260.25	-65.06
227.29	249.02	-85.69
113.77	243.41	-86.12
-7.20	241.82	-73.06
-79.59	235.11	-59.20
-73.06	213.99	-61.34
15.01	135.01	-113.53
0.55	98.33	-120.42
-62.01	73.24	-101.32
-231.69	33.51	-50.05
-244.51	-8.18	-38.51
-218.32	-66.96	-28.32
-212.34	-127.44	-10.62
-234.37	-169.62	16.72
-253.97	-187.01	50.11
-251.22	-190.86	85.27
-241.76	-193.24	117.86
-258.24	-198.06	144.23
-385.62	-221.25	174.87
-503.91	-245.54	154.05
-481.87	-247.38	131.77
-412.23	-236.57	115.97
-328.67	-212.34	106.75
-244.93	-181.40	95.46
-153.14	-151.12	76.29
-58.96	-123.90	52.37
11.11	-98.39	31.92
48.34	-69.34	15.99
51.51	-40.65	8.54
29.42	-27.65	15.50
8.91	-34.00	24.41
4.70	-49.38	23.25
23.32	-59.51	19.10
60.97	-54.69	18.80
123.96	-22.52	12.82
138.06	-13.18	10.31
136.23	-14.77	11.78
119.32	-21.97	10.50
106.32	-25.82	7.63
104.37	-21.97	5.43
116.82	-10.50	5.07
146.06	5.43	6.71
184.75	20.75	9.64
222.78	31.98	10.93
250.73	39.86	8.73
262.70	44.13	6.16
217.04	27.89	16.78
172.06	12.15	30.46
135.25	5.74	40.47
120.79	17.15	41.69
140.08	43.82	40.16
190.00	75.20	43.09
251.22	101.99	49.62
302.31	120.79	53.96
332.40	132.14	52.19
342.96	136.05	45.17
342.41	130.68	36.93
338.87	116.09	30.58
335.21	97.23	27.04
328.67	80.02	27.10
314.15	67.50	29.48
287.72	58.29	31.92
249.76	49.99	34.24
210.02	44.01	38.02
186.58	46.02	43.15
191.71	58.65	45.65
215.94	72.69	43.09
236.39	73.55	39.49
238.83	56.70	40.04
226.93	35.83	41.93
212.16	27.53	39.67
201.60	31.49	35.77
195.74	38.94	36.19
195.01	46.63	42.05
202.88	56.70	49.87
218.69	70.86	53.83
231.45	81.12	49.44
227.91	79.90	40.95
205.81	72.88	37.66
144.53	73.85	41.99
119.02	82.34	37.11
95.46	89.60	25.09
72.57	93.99	10.31
49.62	95.89	-3.17
16.17	94.67	-14.53
-42.72	86.30	-22.95
-214.90	43.76	-22.52
-279.85	14.77	-23.32
-314.76	-9.28	-29.11
-336.36	-25.76	-37.17
-370.18	-42.91	-43.03
-423.89	-69.64	-42.97
-478.94	-104.31	-37.29
-511.29	-138.49	-28.44
-514.10	-165.89	-18.80
-495.79	-185.06	-9.34
-458.44	-194.76	1.65
-397.89	-192.02	16.11
-320.25	-176.27	31.19
-169.31	-123.90	43.09
-116.09	-101.75	38.88
-78.98	-85.69	34.67
-47.79	-69.34	32.10
-10.62	-45.84	27.59
35.52	-14.89	22.83
83.68	16.97	23.19
125.00	41.14	26.98
155.94	52.49	25.82
176.88	52.98	14.95
181.64	48.16	-2.81
157.35	41.63	-19.65
102.91	35.46	-27.77
39.73	31.49	-24.54
-3.78	30.52	-14.40
-15.08	30.76	-4.21
-6.71	19.35	1.89
-64.64	-8.36	-4.94
-115.60	-22.83	-4.15
-116.46	-22.09	1.95
-108.22	-20.14	9.52
-99.79	-20.32	15.08
-96.56	-24.35	17.09
-98.33	-29.24	15.87
-104.31	-31.92	12.63
-114.32	-32.96	10.31
-130.31	-31.43	15.08
-115.05	-24.84	26.55
-90.82	-21.85	25.70
-98.88	-19.78	14.95
-119.08	-21.79	11.11
-107.12	-21.36	18.31
-77.09	-18.68	22.71
-58.72	-17.94	21.73
-54.02	-19.41	15.38
-49.87	-21.73	7.63
-42.54	-22.77	2.56
-31.80	-20.87	2.01
-20.57	-16.60	4.88
-10.44	-11.78	8.36
0.00	-8.48	8.97
8.18	-8.48	5.07
-2.99	-17.33	-6.59
-18.62	-24.05	-3.36
-11.23	-21.30	3.42
5.25	-15.56	10.07
26.18	-8.67	12.08
48.22	-1.83	6.77
73.36	4.27	-4.15
104.37	11.05	-15.20
137.57	19.78	-20.75
163.94	29.05	-17.82
177.31	36.19	-6.77
180.05	40.34	7.57
179.87	42.36	17.64
183.65	43.40	18.62
193.97	44.98	12.57
208.37	48.03	5.00
219.79	52.12	0.67
225.22	56.88	1.71
227.48	62.74	8.00
231.20	68.85	17.40
243.71	74.89	27.71
267.58	80.81	37.66
296.33	84.78	45.23
317.44	84.05	47.42
317.87	77.21	43.33
292.91	66.35	35.03
248.29	55.79	26.06
197.39	50.05	18.80
156.86	51.03	15.69
139.28	57.31	19.65
150.02	66.28	30.76
187.19	76.11	44.07
231.45	81.67	53.28
251.46	76.23	54.38
227.36	58.47	46.26
160.77	32.53	32.47
72.81	5.25	17.58
-8.18	-15.56	3.66
-63.78	-26.12	-8.42
-86.73	-28.08	-15.44
-77.39	-25.02	-13.85
-44.98	-18.92	-6.16
-5.74	-9.46	0.55
23.19	3.23	2.69
33.39	16.36	2.26
28.32	25.21	2.01
17.58	26.49	3.30
10.31	20.87	4.94
10.19	11.78	5.62
16.60	2.08	6.65
29.17	-4.58	9.40
58.04	-0.43	14.71
63.66	4.88	17.40
62.32	7.69	20.32
58.41	9.64	22.77
57.68	16.72	25.33
68.54	30.58	29.05
96.19	46.63	33.02
132.93	59.63	34.36
159.12	68.24	32.35
158.20	74.16	29.30
130.74	78.74	26.79
91.31	80.69	23.44
57.50	80.57	18.55
41.87	81.67	13.12
44.86	84.96	8.36
54.69	87.89	4.76
58.84	90.45	0.43
51.21	94.12	-5.86
27.10	93.75	-12.76
-19.35	83.86	-17.40
-81.36	69.70	-16.60
-133.73	54.32	-11.78
-136.05	27.40	-7.39
-105.71	23.50	-19.78
-213.44	-15.01	-23.38
-308.04	-53.59	-18.80
-386.96	-92.65	-14.89
-428.22	-123.96	-11.60
-435.36	-149.29	-9.95
-421.39	-173.77	-11.29
-398.86	-194.21	-14.47
-371.46	-202.27	-15.99
-336.30	-194.89	-12.70
-290.28	-174.87	-5.55
-235.47	-145.51	0.98
-181.95	-114.50	5.19
-93.69	-76.35	10.50
-43.21	-58.17	11.23
20.69	-34.61	9.77
86.91	-11.60	8.18
140.01	7.87	8.67
176.45	26.67	9.95
198.43	45.96	9.03
205.63	61.52	5.00
198.24	68.97	-1.65
178.65	68.91	-9.70
149.23	63.72	-15.81
112.00	54.26	-16.48
74.22	41.20	-11.66
45.10	27.59	-4.82
27.83	17.27	0.37
18.25	11.29	1.46
6.16	7.08	-1.53
-17.64	1.77	-6.53
-52.49	-5.31	-12.08
-87.77	-12.15	-16.91
-112.00	-15.99	-19.10
-120.24	-17.21	-17.09
-116.39	-19.10	-11.23
-110.23	-23.07	-5.00
-113.71	-28.20	-2.20
-133.06	-34.06	-1.77
-159.42	-38.94	-0.55
-176.57	-40.71	2.20
-175.42	-39.55	5.55
-159.30	-37.96	10.50
-142.64	-37.29	17.33
-143.74	-33.39	21.18
-162.54	-31.43	14.77
-208.80	-35.22	2.87
-192.75	-40.65	8.06
-167.97	-40.04	18.37
-150.51	-39.37	29.54
-174.13	-48.10	14.53
-156.92	-53.89	7.32
-124.39	-48.34	12.51
-93.20	-39.00	25.15
-73.00	-30.27	39.12
-57.19	-26.55	44.68
-33.20	-27.34	37.84
2.75	-27.04	22.95
48.16	-19.71	8.36
98.57	-3.54	1.34
147.34	18.13	3.60
189.39	38.76	10.01
223.27	52.80	13.92
249.15	58.78	12.57
266.36	58.84	7.63
272.77	56.52	2.01
269.47	55.42	-1.22
261.05	58.17	0.67
256.04	66.04	8.06
265.38	79.22	17.15
292.72	96.07	24.05
332.03	113.40	27.83
373.11	126.95	28.32
403.56	133.73	25.39
409.91	132.75	21.42
385.19	125.43	20.39
337.89	117.43	24.17
285.77	116.76	30.94
240.05	122.07	39.25
200.87	122.80	50.23
167.36	114.44	63.72
143.19	102.23	74.28
129.58	93.57	76.48
120.73	90.88	70.62
110.41	92.16	62.26
94.91	93.51	55.54
80.14	89.97	51.82
47.24	91.61	70.92
20.94	107.79	78.43
-10.31	117.13	68.42
-48.52	109.74	48.40
-70.74	90.94	34.61
-70.43	71.47	36.56
-66.71	54.44	51.03
-71.84	41.69	65.06
-102.97	34.79	57.98
-177.49	-8.54	24.23
-218.20	-34.61	6.96
-105.71	-10.86	-4.46
-44.62	-4.76	-13.18
-13.37	-10.13	-15.62
-12.02	-21.73	-10.56
-22.58	-31.49	-3.97
-33.02	-37.23	0.06
-41.02	-39.55	3.30
-49.80	-37.90	9.52
-61.89	-31.86	19.10
-73.91	-22.71	27.16
-78.80	-12.82	27.83
-77.94	-5.49	22.71
-78.00	-3.97	18.92
-79.53	-9.09	20.32
-78.74	-16.91	26.43
-70.19	-18.25	31.68
-51.09	-11.23	26.98
-28.20	-6.29	11.47
-10.80	-10.93	-5.55
-1.22	-19.65	-16.05
4.70	-22.03	-19.90
10.13	-13.98	-22.71
15.26	-2.14	-27.71
21.91	4.76	-33.75
35.28	-1.77	-39.18
31.43	-10.19	-36.80
16.11	-20.57	-34.67
-6.23	-32.04	-33.26
-29.48	-39.73	-28.69
-50.48	-38.09	-19.35
-65.80	-28.69	-9.28
-70.01	-19.96	-4.70
-61.71	-18.43	-6.35
-46.75	-22.71	-8.42
-30.21	-27.83	-7.02
-12.21	-28.99	-4.21
6.23	-23.44	-4.46
