160.28	100.52	98.88
144.96	83.62	94.12
144.35	70.13	83.86
144.71	57.43	71.47
118.04	42.11	61.71
86.00	30.15	64.82
43.52	7.14	70.68
-0.49	-18.86	76.97
-36.93	-38.27	83.07
-62.38	-47.97	90.15
-81.36	-45.78	108.28
-87.59	-45.47	103.21
-118.23	-64.64	80.75
-96.92	-95.58	93.08
-94.67	-120.36	106.51
-86.43	-141.78	115.97
-71.47	-147.83	113.22
-81.36	-140.26	99.18
-121.28	-128.60	84.72
-167.24	-120.00	77.76
-201.29	-118.10	76.05
-219.73	-123.90	72.08
-218.26	-133.24	63.90
-191.16	-140.99	53.89
-145.75	-145.45	42.72
-106.02	-148.80	31.31
-93.38	-154.66	25.15
-108.89	-165.53	30.70
-140.69	-180.05	46.20
-187.32	-206.36	61.40
-173.89	-213.38	44.92
-143.37	-216.61	17.82
-105.65	-216.61	-9.34
-71.47	-211.36	-30.46
-53.59	-199.89	-43.46
-54.50	-182.98	-48.40
-69.27	-161.80	-45.53
-85.82	-137.63	-36.80
-91.37	-112.49	-27.28
-78.92	-91.55	-22.16
-53.28	-79.96	-23.86
-28.93	-78.37	-30.82
-15.56	-81.30	-38.64
-10.99	-79.96	-43.76
-5.68	-70.31	-46.08
4.27	-56.03	-45.96
13.67	-43.27	-40.41
17.21	-35.46	-27.59
14.65	-30.64	-12.45
12.51	-24.29	-3.48
17.76	-16.24	-5.07
26.25	-10.50	-14.04
30.03	-10.19	-22.58
25.02	-13.92	-24.72
15.08	-17.03	-20.75
9.40	-16.48	-15.44
11.72	-12.27	-12.33
19.90	-6.84	-12.39
31.19	-3.30	-14.22
41.20	-1.71	-16.48
46.26	0.31	-18.80
46.45	2.32	-20.39
41.69	2.62	-20.26
32.04	1.59	-18.74
20.69	1.65	-16.85
12.94	3.54	-15.69
13.00	4.88	-15.93
21.48	2.69	-17.88
32.71	-2.01	-20.69
39.06	-4.70	-21.91
36.62	-1.28	-18.62
28.20	8.00	-11.60
22.95	18.98	-5.98
27.47	26.12	-5.49
39.92	25.21	-8.06
54.08	16.78	-10.68
60.73	6.84	-13.12
53.65	-0.49	-15.44
33.63	-5.31	-16.78
7.93	-6.77	-17.15
-10.99	-4.52	-16.66
-5.25	8.42	-13.85
27.53	11.35	-8.18
37.17	0.55	-13.31
28.93	-3.42	-14.53
-0.55	-1.83	-3.36
-11.41	2.14	1.89
-16.66	4.33	2.62
-15.38	2.56	-1.95
-9.70	-2.50	-9.28
-3.60	-8.36	-15.75
2.08	-13.24	-20.20
6.10	-14.28	-20.69
6.65	-9.58	-15.08
8.00	6.41	-0.49
8.91	6.84	-2.50
-9.89	-19.35	-18.19
-33.94	-43.03	-23.93
-18.01	-10.74	-10.44
-11.35	8.67	0.31
-16.60	16.30	8.06
-32.10	10.56	7.08
-47.85	-5.31	-5.49
-55.73	-23.13	-23.56
-52.73	-33.26	-37.23
-42.54	-31.31	-41.14
-31.80	-21.24	-36.44
-24.54	-10.25	-27.22
-23.56	-0.85	-15.99
-28.50	9.34	-4.70
-33.51	20.63	3.48
-31.92	29.91	5.86
-23.38	33.81	2.99
-13.61	30.70	-1.65
-7.75	22.95	-5.07
-7.45	14.59	-6.59
-13.55	6.84	-6.90
-42.18	-4.64	-4.70
-58.47	-1.77	-2.32
-66.10	4.03	-0.55
-56.58	7.02	0.49
-33.33	6.47	2.32
-9.16	9.64	6.53
5.55	20.81	13.61
7.81	33.94	19.29
0.85	42.54	13.24
-11.96	46.51	-5.49
-21.73	48.65	-19.04
-21.12	52.43	-14.95
-12.45	61.71	-0.24
4.64	75.56	14.71
28.02	88.44	23.80
46.51	96.25	23.44
50.90	99.12	15.32
40.41	100.28	5.74
23.01	103.70	-1.04
16.85	111.33	-5.37
36.99	123.17	-10.25
80.93	140.87	-17.09
133.36	167.97	-23.86
178.41	202.09	-25.15
202.39	232.24	-17.88
162.48	242.68	-1.04
114.50	227.05	-12.45
84.84	212.65	-40.16
82.89	203.74	-72.45
78.49	195.62	-96.92
-107.97	160.34	-91.43
-167.72	144.04	-77.33
-158.26	115.48	-67.81
-82.03	65.86	-64.03
-30.88	0.18	-60.36
-60.24	-60.61	-46.57
-117.00	-100.77	-21.18
-156.01	-121.77	5.92
-206.42	-148.38	45.04
-230.77	-166.08	59.39
-255.25	-183.72	70.62
-279.17	-198.36	78.00
-308.17	-208.62	81.48
-345.03	-212.34	83.62
-369.93	-207.82	87.59
-359.01	-199.71	94.06
-268.13	-179.38	95.58
-175.05	-144.10	72.08
-131.16	-133.85	58.41
-91.74	-125.61	44.92
-69.70	-112.73	34.30
-71.96	-94.97	29.85
-82.70	-76.23	30.94
-77.03	-58.41	34.00
-47.55	-43.03	33.33
49.56	-28.08	9.89
83.92	-26.25	-1.40
80.87	-23.32	-9.09
67.75	-21.30	-11.23
64.64	-16.60	-12.76
76.72	-9.34	-12.08
100.89	-1.89	-9.83
128.72	3.30	-7.32
153.87	6.41	-5.19
169.98	9.46	-1.53
175.23	13.55	6.53
178.59	16.36	18.19
188.96	18.13	25.45
207.58	25.45	21.06
233.70	39.98	8.91
265.32	54.14	-4.58
288.76	61.52	-15.75
289.49	61.16	-20.45
269.41	55.85	-15.99
244.14	50.60	-4.46
229.68	49.56	9.58
234.62	53.10	20.87
256.53	58.72	25.51
279.85	63.35	24.29
286.44	64.15	22.09
268.13	60.79	23.56
229.86	54.81	29.11
186.71	49.19	35.77
155.09	46.26	39.79
139.40	45.17	39.55
133.54	43.33	36.56
131.77	39.73	33.26
129.39	34.18	30.58
123.23	28.08	29.54
113.59	24.90	30.52
88.75	27.53	32.96
82.64	29.42	32.17
84.11	29.97	29.85
87.77	27.40	26.00
87.22	21.18	20.45
79.16	11.96	15.14
65.31	1.40	14.10
53.83	-6.41	20.26
54.87	-5.07	31.01
72.51	8.36	38.02
100.95	28.38	29.85
125.43	43.21	8.30
128.17	44.56	-3.66
112.37	39.73	7.08
105.41	43.15	28.50
196.29	94.06	56.64
250.24	123.47	60.55
264.59	137.27	54.50
237.67	133.12	40.28
185.55	115.36	21.97
128.78	93.75	4.39
82.28	79.77	-7.20
53.89	75.62	-12.39
40.59	74.71	-13.92
28.99	70.56	-13.79
4.15	61.95	-13.49
-42.66	50.17	-14.04
-114.56	35.40	-13.37
-206.30	15.50	-7.51
-293.82	-11.72	1.89
-348.08	-40.41	9.64
-363.53	-62.19	13.67
-360.60	-77.82	15.26
-367.13	-94.79	15.44
-399.72	-123.84	15.56
-466.80	-199.28	23.32
-371.89	-191.41	43.40
-281.25	-166.69	55.66
-188.72	-144.65	66.96
-108.09	-126.34	73.85
-43.21	-107.97	70.31
11.05	-84.35	51.88
56.82	-52.55	24.84
94.06	-14.77	4.27
125.18	23.01	-0.31
153.50	55.05	6.90
182.37	76.11	14.77
211.85	83.68	14.65
236.63	81.91	3.54
248.23	78.49	-14.59
239.14	74.95	-30.52
204.90	67.38	-36.25
150.70	54.87	-30.70
94.30	41.14	-19.47
54.38	29.42	-10.38
30.03	19.29	-7.20
0.18	7.81	-8.24
-46.63	-5.92	-10.62
-95.21	-18.62	-11.96
-120.91	-25.76	-10.62
-114.62	-25.94	-6.53
-88.01	-21.61	-1.46
-60.30	-17.27	2.08
-46.63	-16.17	1.28
-56.46	-18.92	-5.13
-91.67	-25.57	-14.47
-180.11	-41.44	-20.26
-158.20	-35.40	-10.13
-113.16	-27.28	-4.94
-83.62	-23.07	0.43
-84.90	-23.07	4.03
-111.69	-25.27	4.33
-149.60	-29.54	2.75
-184.69	-35.52	1.95
-202.27	-41.69	3.66
-192.50	-45.23	7.14
-127.87	-41.75	9.46
-123.54	-45.72	7.45
-151.49	-52.25	8.97
-174.99	-58.78	14.04
-175.35	-61.58	21.48
-148.80	-58.17	27.95
-106.75	-49.26	32.59
-64.70	-37.48	36.32
-29.30	-25.76	37.54
1.10	-16.72	33.20
26.61	-11.23	23.50
42.24	-8.79	11.84
40.04	-9.95	2.69
19.23	-15.81	-1.16
-8.91	-25.15	-0.18
-28.99	-33.57	2.93
-32.65	-36.99	5.80
-21.67	-35.77	7.08
-2.62	-32.41	6.47
16.78	-27.53	4.03
33.57	-20.94	1.40
52.37	-10.93	1.22
79.71	4.46	4.52
119.51	24.66	10.13
170.59	47.00	16.54
224.06	68.97	20.69
268.37	86.36	19.84
297.06	94.18	14.89
308.04	93.02	9.95
307.98	91.55	8.54
311.89	98.75	12.70
330.14	117.86	22.64
361.88	143.74	35.40
400.39	165.83	45.04
473.21	178.65	43.27
447.75	156.01	29.05
385.01	143.62	20.51
315.25	136.96	12.94
253.66	132.75	7.20
206.91	125.61	2.44
174.99	113.16	-3.72
147.89	98.94	-11.90
111.76	91.80	-19.41
55.66	93.75	-24.17
-27.77	86.24	-26.92
-218.14	7.39	-23.13
-320.07	-70.92	-3.23
-348.51	-108.46	7.63
-372.44	-144.84	13.31
-393.92	-173.95	9.70
-401.12	-191.96	0.00
-374.76	-194.46	-5.07
-317.02	-176.39	4.03
-252.99	-147.16	23.99
-195.13	-122.13	41.93
-139.77	-99.85	48.77
-85.51	-71.59	42.54
-33.63	-40.71	27.28
12.15	-19.47	11.35
50.96	-10.80	-0.18
80.99	-4.94	-7.81
98.82	5.68	-11.72
108.34	19.47	-10.56
135.68	39.37	-2.87
152.40	45.59	-2.44
166.44	51.64	-5.13
175.96	56.95	-10.31
175.17	60.61	-16.60
156.80	60.91	-22.34
116.09	55.05	-24.84
57.98	43.33	-22.22
1.95	29.42	-15.69
-30.33	16.78	-7.45
-32.78	8.42	-0.61
-17.40	5.25	1.83
-4.82	4.33	-0.92
-12.39	1.83	-6.77
-123.84	-16.54	-10.80
-130.55	-19.41	1.22
-118.96	-21.73	5.74
-128.17	-27.89	9.16
-164.61	-36.93	11.60
-211.91	-45.90	13.18
-246.64	-51.57	13.85
-253.72	-52.19	12.82
-233.34	-49.80	10.93
-168.21	-51.27	16.54
-143.19	-50.60	25.45
-122.86	-44.68	34.55
-106.08	-36.32	39.43
-92.41	-28.81	36.74
-81.85	-24.23	28.56
-75.07	-24.05	20.51
-70.07	-28.20	16.66
-65.00	-33.02	16.60
-59.14	-34.97	17.76
-50.23	-33.69	18.55
-39.12	-29.48	19.41
-27.04	-22.83	20.32
-10.62	-15.20	19.41
13.55	-8.06	15.81
45.84	-1.71	10.93
84.66	4.70	6.04
127.93	13.37	2.50
174.56	25.57	-1.10
219.91	40.83	-8.18
253.48	55.91	-14.22
264.59	67.44	-8.79
251.40	75.13	6.16
227.36	80.51	18.19
214.05	85.27	20.32
223.69	92.10	17.64
255.25	105.41	19.10
300.96	128.91	26.61
347.05	157.29	34.91
376.71	177.43	41.26
378.05	181.88	47.12
353.58	173.03	50.66
318.30	159.30	48.03
280.76	147.22	41.02
237.00	136.11	37.11
185.97	125.55	41.14
139.47	117.74	49.13
108.46	114.38	53.96
90.76	117.74	54.99
82.58	135.38	59.14
71.66	162.11	65.73
44.37	172.00	64.88
-0.85	153.99	58.11
-38.70	127.01	55.66
-46.63	105.22	56.21
-55.66	79.53	51.15
-83.31	51.76	39.98
-116.52	35.40	28.93
-148.99	28.20	26.37
-162.96	21.18	37.17
-152.71	12.33	53.59
-132.39	6.59	63.66
-120.18	5.86	65.98
-96.01	-1.53	74.58
-79.47	-11.72	73.73
-79.90	-16.42	45.47
-72.45	-18.49	0.18
-43.33	-27.59	-35.28
-15.20	-38.94	-46.26
-12.33	-40.77	-36.32
