-27.16	-36.62	-5.37
-31.13	-38.15	-13.12
-42.79	-39.79	-22.89
-46.20	-39.06	-21.67
-44.86	-38.64	-18.31
-39.67	-38.82	-16.66
-35.46	-38.88	-19.65
-35.89	-38.33	-27.71
-39.79	-37.66	-38.27
-46.69	-39.86	-54.81
-49.13	-51.51	-53.83
-52.31	-54.50	-51.09
-50.96	-49.87	-55.66
-48.34	-46.14	-62.68
-46.26	-44.19	-69.82
-45.53	-42.30	-75.20
-46.26	-35.83	-79.71
-49.19	-33.14	-77.03
-48.28	-32.71	-73.79
-44.19	-31.13	-69.95
-38.39	-27.77	-66.53
-32.17	-23.01	-64.94
-27.34	-17.76	-65.80
-25.57	-13.43	-68.54
-26.00	-11.29	-71.59
-27.77	-11.35	-73.24
-30.21	-12.45	-72.75
-31.56	-13.37	-70.56
-31.13	-13.92	-67.02
-26.18	-15.93	-61.10
-22.40	-17.46	-62.19
-18.74	-17.70	-65.19
-14.77	-15.81	-66.89
-10.80	-12.51	-64.88
-9.64	-9.34	-59.08
-12.33	-7.75	-51.33
-15.32	-7.75	-44.19
-14.22	-8.73	-37.90
-8.91	-9.40	-31.13
-3.36	-8.67	-23.80
-0.06	-6.04	-16.78
2.08	-1.83	-9.83
5.74	3.60	-0.98
12.76	9.40	10.25
21.73	14.04	21.67
27.40	16.48	30.58
26.00	16.60	35.10
19.10	14.40	36.56
14.04	10.31	36.56
16.42	5.68	34.36
22.64	2.32	29.17
23.99	1.22	21.85
16.91	2.38	14.53
-0.43	5.62	6.71
-2.56	5.25	5.74
0.24	-0.55	-0.79
-0.31	-4.21	-6.90
-3.17	-6.41	-11.66
-5.74	-6.10	-11.96
-6.23	-4.27	-6.84
-5.07	-2.81	1.40
-3.42	-2.75	9.28
-2.50	-4.21	14.28
-3.11	-10.25	12.94
-0.98	-13.98	-0.79
-1.46	-14.59	-7.26
-1.40	-13.73	-13.49
-1.77	-11.47	-19.29
-4.27	-8.42	-23.68
-6.84	-5.00	-26.92
-4.58	4.88	-30.33
-8.12	11.78	-23.93
-12.21	9.34	-16.66
-12.76	3.97	-10.93
-9.95	-2.26	-9.34
-7.32	-8.18	-12.15
-6.90	-13.24	-18.01
-8.00	-16.36	-24.90
-11.35	-14.16	-34.48
-12.15	-10.86	-36.56
-10.38	-7.69	-37.23
-5.31	-4.82	-36.74
1.28	-2.75	-36.19
4.27	-1.71	-36.25
1.59	-1.04	-37.23
-2.20	-0.73	-39.18
-3.54	-1.95	-41.08
-2.20	-4.52	-42.42
1.40	-7.32	-44.43
5.80	-10.44	-47.85
8.30	-13.18	-50.72
6.23	-12.88	-50.96
1.04	-8.91	-48.83
-3.60	-3.97	-45.35
-3.42	-1.89	-37.72
2.56	-3.30	-31.80
15.93	3.36	-26.12
23.19	14.40	-23.25
20.87	20.32	-23.25
21.00	21.42	-24.72
23.19	21.61	-27.89
19.04	21.55	-28.50
11.29	21.30	-28.44
3.48	20.57	-27.47
-0.98	20.14	-26.49
-1.65	21.97	-26.37
1.77	34.30	-27.16
8.12	45.59	-23.32
5.55	50.17	-21.61
0.67	54.87	-22.22
-5.37	58.04	-24.35
-19.23	55.24	-26.98
-16.11	38.27	-30.70
-13.73	28.63	-29.24
-12.33	22.09	-24.66
-9.28	20.51	-19.78
-3.97	23.07	-15.99
2.14	24.96	-11.90
6.04	21.91	-6.90
6.53	15.50	-2.75
4.15	10.44	-1.34
-1.22	9.09	-3.11
-7.57	10.07	-6.65
-9.58	10.68	-9.58
-6.96	10.38	-10.01
-4.88	11.17	-8.54
-6.59	13.85	-6.71
-12.02	17.58	-5.62
-16.24	20.81	-6.41
-14.59	22.34	-8.30
-9.46	21.97	-10.38
-3.54	19.23	-14.71
-16.54	26.31	-22.09
-23.19	32.96	-25.70
-24.78	38.82	-30.03
-24.48	43.09	-33.81
-26.67	45.41	-34.42
-33.81	44.49	-31.56
-43.03	40.95	-28.02
-47.12	37.23	-26.49
-37.78	33.75	-26.79
-30.15	30.58	-24.23
-35.64	34.73	-24.05
-41.32	36.68	-24.54
-31.92	17.82	-19.10
-22.34	4.76	-14.34
-11.96	-3.60	-8.91
0.67	-6.10	-1.46
15.44	-5.98	7.63
26.25	-5.98	15.44
28.56	-6.84	18.92
23.32	-8.79	16.91
14.89	-11.60	10.50
7.02	-14.71	2.87
-5.62	-19.04	-2.75
-5.62	-20.39	0.67
-8.85	-13.18	4.39
-27.89	2.62	6.65
-46.63	16.60	-2.75
-52.19	21.24	-24.54
-56.58	20.26	-46.14
-60.36	19.90	-58.65
-54.75	19.84	-58.65
-37.72	15.08	-46.45
-11.54	2.93	-27.47
47.73	-19.29	5.19
73.85	-17.64	13.06
93.99	-10.62	16.24
101.62	-5.13	16.85
90.27	-4.03	15.32
63.11	-4.33	8.91
33.14	-2.14	-2.75
13.06	3.48	-15.50
6.96	11.66	-25.51
10.25	21.55	-31.43
18.92	32.47	-34.36
28.99	43.46	-36.13
30.70	53.47	-38.21
18.49	61.04	-42.24
-0.24	65.98	-48.71
-14.28	69.34	-54.44
-19.59	72.33	-56.46
-18.92	74.10	-54.63
-17.40	72.27	-49.32
-17.46	65.19	-41.99
-17.64	54.75	-35.40
-16.54	45.59	-29.72
-13.49	41.63	-22.89
-6.65	43.33	-14.53
32.04	52.31	5.92
36.44	54.69	4.58
34.30	58.23	-0.43
28.14	59.94	-4.58
18.55	56.46	-5.49
6.53	47.97	-4.64
-3.60	39.49	-4.09
-8.67	37.17	-4.33
-9.28	42.48	-4.03
-5.07	50.17	-1.89
5.31	54.75	-0.61
19.23	54.32	-3.11
28.99	49.93	-7.45
28.87	43.27	-10.31
19.04	35.10	-11.17
5.00	25.76	-12.63
-6.77	18.92	-16.60
-17.15	31.68	-21.61
-15.44	46.87	-18.62
-9.28	57.07	-13.67
-3.36	57.43	-8.24
-1.34	47.91	-2.75
-1.77	32.04	2.93
-0.18	16.30	7.51
6.04	6.59	8.97
13.85	6.16	6.53
18.80	15.38	1.95
20.75	29.97	-3.05
20.02	42.24	-7.93
15.81	46.33	-12.51
9.52	42.24	-16.30
3.72	35.03	-18.19
0.12	30.82	-17.09
-0.31	32.59	-12.88
1.65	38.76	-7.87
4.27	44.98	-4.64
6.77	46.87	-4.15
9.83	42.36	-5.74
14.28	31.25	-7.57
20.20	17.09	-7.57
26.49	8.00	-4.27
31.25	9.52	2.20
33.14	17.58	9.64
31.62	22.40	14.10
26.12	18.80	12.63
16.97	10.44	6.65
8.18	5.55	0.79
4.46	9.22	-1.10
6.10	19.78	1.53
9.64	30.46	5.25
12.27	34.48	6.16
13.55	29.48	2.20
13.85	18.37	-5.55
13.06	8.73	-12.57
12.45	7.93	-13.79
13.49	18.55	-7.93
15.26	34.91	0.92
15.56	44.31	5.74
14.53	38.64	2.93
15.14	25.15	-3.36
18.55	15.50	-6.04
23.44	13.37	-2.44
26.86	15.93	4.15
26.79	18.19	8.54
22.71	16.91	8.18
15.08	14.16	3.91
5.80	13.67	-0.85
-1.83	15.75	-2.87
-5.68	16.60	-1.89
-4.76	12.27	-0.92
0.49	3.54	-1.40
7.32	-5.13	-2.01
14.28	-10.25	-1.34
22.09	-11.84	0.61
29.91	-12.02	3.23
36.32	-12.21	7.45
43.58	-11.54	15.93
33.33	-11.29	7.51
22.89	-12.57	-0.79
13.55	-12.39	-6.29
27.47	-7.63	10.80
36.01	-5.80	17.70
41.32	-4.27	19.96
42.91	-2.62	18.49
34.55	-4.82	7.26
15.01	-13.67	-4.21
6.16	-15.38	-6.35
0.18	-15.56	-6.65
-1.89	-16.42	-6.65
0.98	-19.71	-6.59
9.22	-25.21	-5.49
21.12	-30.82	-2.99
33.75	-34.36	-1.04
42.79	-36.19	-2.44
42.85	-38.82	-7.39
22.64	-41.75	-18.55
0.00	-31.19	-31.19
-9.83	-28.38	-41.63
-20.75	-30.52	-54.99
-33.26	-36.32	-68.30
-43.33	-43.40	-78.25
-46.26	-50.78	-80.81
-38.76	-58.11	-71.96
-20.51	-64.45	-50.96
4.39	-69.34	-22.40
29.66	-73.12	4.33
51.70	-78.67	21.06
71.41	-89.60	27.40
90.27	-105.16	29.24
106.99	-119.02	32.23
121.83	-124.82	36.13
133.48	-124.57	41.20
139.89	-124.76	48.89
143.80	-129.21	54.69
147.58	-140.01	54.02
147.52	-173.52	43.76
141.72	-181.21	45.59
128.91	-149.84	68.42
133.48	-105.10	91.43
135.56	-97.47	91.19
109.68	-108.52	69.21
85.27	-134.89	43.09
83.13	-146.36	34.18
83.13	-150.33	33.33
85.94	-143.98	43.03
93.63	-129.70	60.36
111.15	-96.74	97.53
113.40	-85.33	109.68
110.72	-81.24	113.77
101.14	-98.33	103.94
101.38	-114.44	100.04
106.69	-130.37	103.03
115.97	-144.17	115.11
124.39	-154.66	136.17
126.53	-158.69	161.80
122.86	-151.61	185.61
119.51	-131.96	203.31
116.46	-75.62	214.23
82.70	-25.88	193.79
56.64	-2.75	181.76
22.83	40.95	163.64
16.30	58.90	148.62
15.08	70.68	125.98
10.19	72.88	103.21
-4.27	64.21	87.10
-22.71	49.01	75.68
-36.68	34.73	62.56
-41.87	25.88	43.70
-38.27	28.32	-8.79
-34.91	41.38	-48.71
-49.87	47.30	-52.43
-60.91	50.42	-44.13
-72.33	56.64	-31.62
-89.54	69.46	-19.84
-113.83	86.98	-14.28
-131.90	103.39	-19.35
-144.84	116.27	-32.59
-158.94	126.53	-42.72
-132.75	144.53	-37.54
-129.52	165.34	-11.17
-21.18	160.28	44.01
59.63	122.50	43.88
93.69	89.60	23.25
110.66	54.20	-1.89
92.65	28.08	-22.95
41.08	21.55	-32.17
-33.14	37.17	-26.12
-103.82	65.37	-7.93
-110.96	94.48	10.68
-62.74	120.48	18.92
-26.43	138.49	22.95
-14.40	143.80	32.23
-5.49	137.76	46.81
19.04	122.44	64.15
61.28	99.00	81.73
106.14	72.88	93.51
137.63	51.57	93.69
151.18	39.43	85.33
147.40	36.07	77.82
130.37	37.29	79.83
111.02	37.29	93.02
99.00	32.71	108.46
92.10	22.40	115.54
85.08	8.12	114.14
79.53	-6.59	112.06
77.15	-18.01	112.73
73.67	-25.02	113.65
59.57	-28.14	110.05
27.47	-26.92	97.47
-17.15	-23.68	77.03
-59.14	-24.41	56.82
-86.30	-32.10	44.56
-90.94	-43.33	41.69
-73.73	-52.49	45.04
-47.55	-53.53	50.96
-25.88	-43.88	52.61
-15.14	-30.88	51.03
-23.62	-26.18	43.70
-58.65	-34.79	20.45
-109.62	-51.51	-8.12
-152.71	-68.79	-25.27
-171.81	-81.30	-27.83
-163.45	-88.32	-19.41
-136.54	-92.77	-5.86
-107.42	-97.47	4.76
-90.15	-103.94	7.57
-89.17	-113.10	1.40
-122.80	-133.79	-29.05
-144.10	-139.04	-43.95
-154.66	-138.43	-53.53
-147.71	-132.63	-54.02
-121.22	-123.23	-43.52
-80.02	-112.85	-24.84
-39.55	-103.70	-5.74
-16.42	-95.70	4.64
-18.55	-89.29	0.92
-44.01	-86.00	-15.69
-80.14	-86.85	-39.61
-109.19	-89.84	-63.05
-117.92	-90.58	-79.71
-106.81	-85.51	-88.26
-88.93	-74.52	-86.61
-76.84	-61.28	-72.57
-72.08	-51.39	-53.53
-69.09	-49.99	-42.11
-57.56	-71.41	-56.52
-51.64	-82.70	-75.07
-47.18	-86.36	-93.02
-43.70	-81.42	-102.11
-42.24	-70.07	-97.90
-43.64	-56.64	-82.34
-47.06	-44.92	-62.01
-47.42	-37.72	-43.58
-39.73	-36.56	-32.35
-23.74	-40.83	-31.31
-7.39	-48.46	-38.64
1.16	-56.21	-46.57
1.95	-61.65	-44.07
0.31	-63.42	-25.63
3.97	-62.19	2.38
14.89	-60.49	28.44
26.67	-59.39	43.46
30.52	-57.56	43.40
21.67	-54.32	31.49
5.37	-51.57	15.20
-7.63	-51.82	-0.92
-12.02	-55.85	-14.53
-10.68	-62.01	-21.73
-8.79	-67.38	-19.53
-8.36	-68.42	-10.13
-8.54	-63.17	0.67
-1.95	-44.68	11.23
5.49	-41.63	10.86
10.44	-44.19	6.96
6.23	-48.71	-1.16
-5.98	-51.51	-12.88
-18.92	-51.94	-24.84
-26.43	-51.82	-32.47
-27.47	-53.41	-33.87
-25.09	-57.13	-30.52
-21.79	-60.42	-25.21
-19.59	-60.61	-20.14
-19.59	-57.86	-15.81
-20.14	-54.63	-11.05
-18.55	-52.67	-6.29
-13.31	-51.09	-4.58
-6.59	-47.73	-8.85
-2.81	-42.05	-18.31
-6.29	-35.58	-29.05
-16.85	-29.91	-36.25
-27.28	-25.57	-37.54
-32.10	-23.25	-33.26
-31.19	-22.77	-25.15
-27.28	-23.86	-16.17
-24.05	-25.33	-9.52
-23.01	-25.94	-7.57
-23.19	-25.27	-10.74
-22.40	-24.54	-16.72
-19.29	-25.27	-22.46
-15.01	-27.65	-26.86
-11.96	-30.46	-30.40
-11.72	-32.90	-33.26
-14.34	-34.36	-33.87
-18.74	-34.18	-30.88
-21.67	-31.49	-24.96
-21.36	-26.61	-18.13
-19.29	-20.81	-12.08
-15.69	-16.11	-7.45
-11.11	-14.53	-4.52
-8.54	-17.40	-4.09
-8.73	-23.62	-7.45
-9.46	-30.27	-15.69
-10.31	-34.79	-27.89
-10.86	-35.95	-39.92
-10.99	-34.24	-46.81
-10.99	-30.33	-48.16
-11.84	-17.52	-51.09
-14.53	-11.96	-57.01
-17.09	-8.85	-64.21
-19.29	-8.73	-71.66
-21.91	-12.45	-79.71
-23.44	-19.23	-89.29
-22.22	-26.49	-98.51
-18.74	-31.62	-104.37
-15.14	-32.96	-105.59
-12.21	-29.60	-102.29
-8.54	-22.09	-94.12
-4.21	-13.06	-81.30
0.00	-6.16	-66.22
4.27	-3.11	-53.41
7.39	-3.60	-48.58
6.35	-5.80	-56.27
0.43	-7.75	-76.97
-8.24	-8.06	-106.75
-18.25	-6.16	-137.63
-29.17	-2.99	-159.12
-38.15	0.24	-163.02
-40.10	2.81	-147.89
-32.71	4.21	-119.20
-19.04	4.15	-86.30
-5.00	2.93	-57.62
5.37	1.59	-38.45
10.38	1.28	-30.64
10.62	2.87	-34.91
7.26	6.96	-50.11
-0.55	11.60	-70.86
-12.63	15.75	-88.62
-23.86	19.90	-97.47
-28.87	24.72	-96.31
-26.55	30.40	-88.20
-18.68	36.80	-78.19
-8.54	43.09	-69.64
1.77	49.01	-62.81
10.68	60.06	-49.62
1.40	66.41	-40.28
12.57	65.12	-27.22
21.79	62.19	-14.04
33.08	61.16	10.62
31.31	61.83	15.32
25.76	60.36	14.89
14.59	56.82	11.05
0.43	51.82	4.58
-8.24	44.07	-3.05
-11.54	32.35	-9.34
-13.18	19.96	-14.40
-14.77	11.23	-20.39
-17.52	7.75	-29.05
-22.52	8.36	-40.71
-28.20	11.66	-53.53
-32.90	17.21	-64.82
-38.21	24.35	-73.24
-44.43	29.72	-76.97
-45.78	30.76	-73.91
-34.67	27.77	-64.45
-16.85	24.41	-51.39
-5.98	23.99	-39.25
-5.31	25.82	-30.82
-6.10	26.31	-25.45
0.37	23.13	-20.51
13.00	17.70	-15.14
25.39	14.59	-12.02
33.20	15.14	-13.37
37.48	15.44	-18.55
44.37	12.82	-25.82
57.25	10.50	-33.75
73.61	13.73	-41.99
86.00	22.64	-50.35
83.19	33.33	-57.31
64.21	43.58	-61.95
39.73	53.96	-62.44
19.35	64.51	-58.23
8.97	74.89	-52.92
14.65	84.96	-50.78
33.45	93.93	-52.49
48.77	99.91	-53.28
48.65	100.89	-50.05
33.08	95.28	-43.40
9.70	81.85	-34.73
-11.11	61.89	-24.54
-21.36	39.67	-12.45
-16.48	22.28	0.00
1.34	16.42	11.23
25.02	21.91	21.61
45.17	32.78	30.33
53.83	43.40	34.48
49.13	51.88	31.49
33.63	59.39	21.06
11.60	66.96	6.23
-12.45	74.46	-8.97
-34.12	82.15	-22.03
-49.38	88.75	-31.98
-56.58	90.52	-37.84
-54.26	70.13	-37.17
-49.01	55.97	-35.95
-42.24	47.91	-35.03
-30.33	44.19	-32.17
-10.93	40.53	-26.61
10.13	34.97	-19.23
24.66	26.73	-11.17
29.91	17.70	-4.21
31.74	12.27	1.77
37.41	11.90	7.75
44.68	15.01	12.88
45.72	18.55	14.04
38.70	20.94	9.22
30.33	23.99	1.22
27.65	28.56	-3.17
31.07	32.17	-0.61
34.97	33.69	6.77
33.63	35.22	14.10
25.76	38.88	17.33
15.32	43.64	15.93
6.59	45.35	11.60
3.54	41.44	6.23
8.06	33.51	2.01
15.56	26.92	0.85
20.87	25.39	3.30
25.51	27.59	9.09
43.03	34.48	22.22
51.51	38.94	28.99
54.75	40.59	39.25
52.73	34.36	48.71
48.71	19.29	50.90
45.84	-0.37	45.65
46.75	-17.88	38.57
52.37	-27.77	33.26
59.20	-27.47	31.37
63.35	-18.98	34.42
66.16	-8.61	41.20
70.13	-3.11	48.34
73.91	-5.00	51.70
74.52	-11.29	49.74
70.92	-16.11	45.35
64.21	-15.87	42.85
57.56	-11.84	42.11
52.92	-7.57	40.47
48.34	-5.37	36.38
40.89	-6.29	29.54
33.14	-8.91	18.55
32.71	-9.46	7.51
39.98	-6.29	8.06
44.62	-2.14	23.01
38.88	-0.18	40.10
26.55	-0.67	48.46
15.32	-0.92	48.52
6.53	0.67	42.48
-1.53	3.11	27.47
-21.18	4.39	4.46
-112.67	-1.22	-31.68
-134.95	-2.50	-25.15
-120.12	2.38	-8.79
-108.15	7.08	9.34
-100.52	8.97	21.67
-94.85	7.57	24.78
-90.58	4.76	21.61
-86.36	0.85	14.53
-84.66	-5.25	3.05
-88.56	-11.60	-9.70
-98.88	-14.53	-19.23
-120.00	-12.08	-24.54
-152.71	-5.25	-27.47
-185.12	3.36	-29.48
-204.16	11.60	-29.66
-210.33	20.08	-27.53
-213.01	29.66	-24.41
-212.95	38.09	-22.09
-198.61	40.41	-19.04
-162.48	33.02	-11.60
-72.63	-9.03	15.08
-34.24	-62.32	41.63
-34.30	-82.52	53.28
-36.38	-95.70	63.42
-39.43	-101.62	72.33
-50.66	-101.75	82.03
-68.60	-98.94	93.57
-84.59	-96.01	104.00
-88.01	-96.31	109.50
-85.33	-100.40	107.91
-91.37	-105.77	98.69
-94.48	-109.99	72.51
-88.44	-95.15	76.66
-86.36	-68.18	76.35
-105.41	-36.25	32.84
-128.30	-21.79	13.92
-145.87	-13.43	6.10
-149.48	-11.96	8.06
-127.69	-15.20	13.98
-70.68	-21.00	21.42
3.48	-27.65	26.86
56.52	-33.20	26.43
79.04	-35.89	21.30
83.56	-36.56	15.99
63.54	-38.02	13.67
16.60	-40.53	13.61
-28.69	-40.95	12.88
-46.63	-36.32	11.41
-38.21	-26.25	11.90
-22.28	-14.83	15.08
-8.24	-8.73	9.77
-10.74	-3.85	6.53
-34.85	6.10	37.41
-44.25	10.31	74.28
-21.67	2.81	78.61
12.33	-8.24	63.54
41.20	-18.74	45.23
59.69	-29.42	31.19
66.16	-37.90	24.48
61.71	-40.16	22.71
51.57	-37.35	25.02
52.49	-33.57	35.34
81.30	-29.79	57.07
135.50	-22.58	87.04
196.53	-9.89	116.33
244.20	6.71	136.47
270.75	21.06	146.36
284.55	25.21	151.31
298.65	16.54	154.36
312.13	0.43	154.42
314.33	-14.65	151.49
305.11	-23.25	147.64
295.96	-26.00	146.06
299.01	-24.78	150.33
313.84	-20.63	159.85
325.74	-15.32	170.23
320.43	-11.41	177.80
296.87	-10.38	181.64
266.11	-11.47	181.64
240.66	-12.57	178.28
223.27	-11.29	172.97
205.81	2.32	158.02
206.73	11.29	152.22
207.70	20.45	150.63
207.52	29.97	151.06
208.98	38.57	152.16
210.57	45.35	154.60
204.53	50.78	158.81
189.39	54.75	161.99
172.97	55.42	159.06
163.02	50.11	147.64
161.19	38.88	130.62
164.67	25.39	114.56
170.65	15.01	105.41
176.03	11.23	104.00
157.78	27.95	101.07
109.31	58.84	71.78
91.61	66.77	56.95
79.53	67.99	45.41
70.31	64.09	36.32
62.62	56.76	30.64
53.41	48.65	28.02
42.18	41.20	24.96
32.59	34.06	19.23
31.31	22.46	13.92
46.26	-24.35	17.46
44.31	-27.95	19.23
26.86	-9.22	22.22
27.65	6.41	26.86
36.25	18.68	32.29
41.56	25.21	35.64
41.87	26.49	35.95
44.07	23.13	34.36
49.19	15.38	33.33
53.77	4.70	35.16
57.25	-5.49	40.04
62.44	-11.90	45.90
68.85	-13.00	49.38
71.53	-8.48	47.73
68.05	0.85	40.89
58.59	12.27	32.84
46.51	22.52	26.37
39.31	30.82	19.84
40.41	36.68	14.77
42.24	39.31	15.44
42.18	38.51	20.32
49.62	34.55	27.59
62.50	28.14	38.94
66.65	20.81	50.54
47.12	12.51	40.59
33.94	12.33	22.77
19.35	14.65	8.54
6.84	18.55	-1.77
0.49	22.09	-12.51
-5.98	28.44	-31.56
-28.63	43.27	-28.14
-14.89	52.19	-10.13
-5.00	52.98	-4.70
-15.56	51.57	-5.86
-41.26	45.90	-14.77
-72.02	35.77	-28.32
-57.19	24.60	-43.64
18.62	17.03	-58.59
56.21	14.16	-68.36
-22.28	14.47	-70.98
-144.71	15.87	-72.14
-195.07	17.46	-76.29
-200.50	15.62	-80.08
-232.85	6.35	-81.30
-254.03	-8.00	-81.36
-208.50	-20.45	-80.08
-97.84	-26.67	-75.44
26.37	-27.77	-66.83
98.69	-27.53	-56.40
111.57	-27.16	-47.73
113.95	-24.05	-42.60
151.49	-16.60	-41.75
174.62	-7.87	-39.25
141.66	0.79	-27.22
124.33	9.16	-7.63
120.30	9.70	11.54
65.49	1.22	13.43
1.65	-8.36	-3.85
-26.49	-8.79	-15.75
-12.33	2.26	-9.83
-1.34	16.36	-8.12
3.85	30.94	-11.96
7.51	42.85	-15.44
4.46	48.83	-11.72
-7.32	49.32	-3.30
-23.13	46.63	0.43
-45.72	41.81	-5.25
-70.92	36.56	-16.36
-85.08	34.12	-24.23
-60.42	46.51	-11.78
49.62	72.88	78.92
67.63	98.45	117.43
48.10	105.16	98.33
26.43	90.33	45.41
15.93	76.90	5.25
15.81	76.29	-5.43
29.54	81.12	4.21
51.39	85.27	21.61
68.66	90.09	38.27
77.39	94.60	49.32
84.11	93.26	54.38
92.10	85.51	58.41
98.27	77.21	65.61
101.75	74.28	72.08
101.99	78.19	68.97
101.99	81.97	54.57
103.39	79.53	37.48
103.82	71.17	27.04
103.70	56.70	25.27
103.88	35.46	26.92
96.74	14.04	27.59
75.87	3.23	27.89
51.09	6.59	27.95
32.29	17.82	26.67
15.75	28.63	25.45
-12.57	38.39	34.91
-20.69	32.35	56.15
-11.17	15.93	73.55
-3.23	1.28	71.11
-0.31	-14.40	66.04
-7.14	-25.51	62.32
-24.66	-28.99	58.11
-52.61	-24.90	50.42
-87.04	-16.91	38.94
-120.00	-11.41	28.38
-148.25	-12.63	22.83
-198.73	-44.19	24.96
-208.98	-57.43	18.37
-206.24	-50.35	2.01
-225.28	-48.89	-4.46
-276.86	-52.37	-12.27
-354.19	-57.25	-24.05
-434.20	-58.35	-41.38
-505.98	-53.41	-62.87
-580.51	-43.03	-83.86
-660.28	-30.70	-98.94
-714.54	-21.42	-104.37
-696.72	-18.68	-98.63
-595.21	-22.09	-80.69
-447.57	-29.97	-49.19
-297.18	-40.47	-8.79
-180.11	-51.57	27.89
-120.91	-61.04	46.75
-112.12	-68.30	42.11
-127.44	-73.36	23.01
-148.99	-75.20	2.75
-188.72	-65.61	-13.31
-196.66	-55.79	-5.25
-203.61	-45.59	7.32
-202.51	-40.47	13.55
-173.46	-44.19	3.54
-117.61	-52.12	-20.87
-62.19	-57.50	-44.19
-30.94	-57.56	-51.88
-20.32	-53.10	-43.33
-10.86	-45.84	-27.77
7.02	-38.02	-13.31
17.46	-31.80	-1.71
5.25	-27.59	6.53
-17.21	-24.72	6.59
-39.43	-24.54	-2.38
-44.13	-30.70	-19.17
-8.42	-29.97	-6.65
27.83	-25.51	8.73
46.69	-17.40	19.84
49.68	-9.95	23.32
44.80	-6.10	19.53
43.15	-3.78	11.54
52.06	-0.49	2.62
77.33	2.99	-5.43
119.26	5.31	-12.39
137.02	6.29	-16.91
36.87	7.57	-12.76
-22.03	7.26	-8.73
-156.43	-10.62	-0.12
-174.26	-18.74	2.08
-160.46	-25.02	-1.71
-112.43	-28.02	-11.78
-32.53	-28.81	-23.13
59.14	-28.99	-28.56
113.28	-25.94	-25.39
93.32	-14.04	-19.10
21.30	5.86	-17.15
-56.95	23.07	-20.08
-113.10	28.20	-23.19
-139.16	20.51	-21.79
-150.02	6.96	-15.01
-236.82	-11.29	0.67
-297.06	-17.27	3.11
-285.34	-22.28	7.63
-205.63	-23.19	14.53
-136.05	-20.81	12.21
-127.44	-16.42	3.78
-220.40	-12.27	2.99
-144.23	-21.06	20.14
-84.90	-20.81	18.01
-63.05	-19.78	11.17
-68.54	-19.04	4.46
-69.76	-18.62	1.16
-52.25	-18.55	0.24
-28.32	-19.04	0.85
-15.26	-19.17	3.66
-15.14	-17.64	7.39
-21.00	-12.33	5.49
-27.59	-12.57	-0.85
-39.86	-12.94	-4.09
-48.52	-11.96	-1.77
-43.70	-8.67	4.64
-20.75	-2.32	12.88
50.35	8.24	24.84
70.25	5.19	22.34
68.66	-0.67	16.11
34.24	-6.71	4.21
17.52	-6.35	0.79
6.23	-3.60	1.40
42.97	5.55	9.70
55.42	5.13	4.21
54.87	4.39	-0.06
13.31	-2.99	6.84
1.40	-4.88	1.22
8.85	0.98	-1.04
11.96	8.12	-1.16
13.37	16.48	1.83
27.34	14.53	5.74
45.29	10.01	7.93
57.19	5.55	6.90
60.97	3.72	5.00
63.17	4.94	5.25
70.31	7.75	8.79
80.81	10.44	15.08
83.74	12.76	21.48
75.81	15.20	26.37
68.73	16.78	30.76
71.04	15.75	34.91
79.04	12.15	37.23
87.77	7.69	36.74
96.44	3.23	33.69
103.70	-0.31	29.66
108.83	-0.61	27.71
112.85	1.77	29.72
114.26	4.39	33.69
111.02	5.92	35.77
103.82	6.84	34.36
94.60	7.69	30.94
91.19	8.00	28.56
100.34	6.84	28.87
120.00	5.37	30.82
146.85	5.13	33.39
173.65	4.88	36.56
188.72	2.62	39.18
186.10	-2.32	38.76
166.75	-6.96	33.26
136.54	-7.39	23.86
103.88	-2.99	14.77
81.85	3.60	11.11
82.52	8.24	15.08
98.33	7.81	23.68
113.04	3.30	31.25
119.75	-1.89	34.12
115.23	-5.13	32.17
98.02	-5.68	26.31
74.04	-4.33	17.33
51.94	-1.83	7.69
34.18	1.53	-0.43
16.48	5.43	-7.14
-6.10	9.09	-13.31
-36.32	11.17	-20.08
-76.72	11.96	-28.26
-127.62	13.37	-38.09
-184.08	15.50	-48.46
-241.09	16.30	-58.11
-295.65	14.83	-66.96
-339.05	10.25	-75.32
-359.44	0.67	-81.48
-355.22	-13.24	-82.89
-334.78	-26.92	-79.35
-305.48	-35.77	-73.12
-270.26	-39.37	-67.44
-236.15	-40.71	-64.03
-212.22	-41.75	-61.89
-202.39	-41.81	-60.06
-200.07	-39.73	-57.31
-188.72	-36.44	-51.09
-161.62	-33.39	-40.28
-131.47	-29.79	-27.53
-113.04	-25.09	-17.21
-104.37	-21.36	-11.90
-93.69	-21.48	-10.62
-78.74	-25.39	-11.60
-67.50	-29.79	-13.37
-62.99	-31.25	-14.47
-60.42	-28.87	-14.04
-58.29	-24.60	-12.51
-59.20	-20.51	-10.56
-60.61	-17.82	-7.81
-53.34	-16.36	-3.72
-33.51	-15.50	0.73
-9.95	-14.89	3.60
14.77	-11.78	3.72
28.75	-8.73	4.52
79.35	-5.43	11.72
108.40	-6.29	16.97
139.10	-7.20	22.77
173.77	-6.23	28.20
213.62	-3.78	32.78
252.08	-2.01	36.80
281.01	-2.08	40.04
286.62	-3.54	40.83
261.35	-4.94	36.62
222.60	-6.35	28.63
190.25	-8.30	21.73
170.96	-9.70	18.92
166.99	-8.85	20.32
176.76	-5.98	25.33
195.86	-2.08	32.47
216.67	2.38	40.34
232.36	7.02	48.65
240.54	11.05	57.25
237.55	14.10	65.31
224.24	15.69	71.78
204.04	15.32	74.71
179.38	13.98	70.62
155.52	12.57	58.41
136.78	10.62	41.56
128.78	7.32	26.25
135.38	3.17	18.01
147.16	0.12	18.13
151.79	0.18	23.56
148.25	3.85	31.13
141.48	14.16	47.06
137.15	17.15	52.19
121.34	19.23	52.98
94.12	20.87	48.40
59.20	21.97	38.76
16.42	23.38	25.33
-31.13	26.00	10.62
-76.42	28.32	-3.60
-120.06	29.54	-17.15
-168.76	30.76	-30.52
-226.14	32.41	-44.92
-291.50	34.61	-60.85
-356.38	35.95	-77.88
-395.57	32.96	-94.91
-389.04	22.46	-108.28
-356.63	8.30	-113.89
-333.56	-0.43	-112.67
-327.27	-0.79	-106.75
-324.22	1.89	-96.92
-310.79	1.04	-85.88
-256.84	-14.83	-73.30
-243.41	-25.51	-73.85
-244.81	-34.48	-76.90
-250.73	-38.51	-76.48
-247.25	-35.77	-67.26
-225.04	-27.47	-51.27
-190.86	-18.31	-35.22
-156.80	-13.24	-24.54
-132.57	-13.92	-21.73
-128.17	-17.88	-26.18
-147.03	-22.22	-35.10
-174.68	-25.09	-41.93
-188.54	-24.90	-40.71
-153.26	-14.83	-16.97
-118.10	-8.30	-5.43
-78.74	-3.42	0.00
-39.37	-1.28	-0.31
1.89	-2.44	-2.87
49.38	-7.39	-4.58
98.21	-14.34	-4.52
131.10	-19.23	-3.30
142.40	-21.06	6.47
143.31	-24.35	14.77
140.01	-28.69	22.52
135.31	-29.11	35.52
145.45	-24.11	41.26
173.46	-13.55	53.89
174.99	-10.50	59.20
169.25	-8.79	64.45
165.83	-7.57	71.47
173.28	-5.68	80.44
188.96	-4.21	88.68
197.81	-5.37	90.09
191.89	-9.70	80.99
182.31	-15.81	66.10
178.34	-21.48	54.02
178.10	-23.93	49.07
184.45	-21.73	51.09
198.12	-17.46	58.59
210.14	-14.71	68.24
218.81	-14.28	76.11
228.15	-14.10	81.54
236.94	-12.76	85.27
238.65	-9.95	86.73
228.88	-5.74	84.17
212.46	-1.77	77.03
198.06	-1.16	68.73
187.74	-3.60	63.42
182.01	-6.16	62.93
183.72	-7.87	66.47
191.96	-9.77	71.17
201.66	-12.39	73.73
205.93	-14.77	73.30
203.49	-14.22	71.47
197.33	-9.95	70.56
184.51	-3.42	70.92
163.33	1.95	71.53
141.42	2.56	70.98
123.60	-0.43	67.69
105.96	-1.59	60.55
83.92	1.53	49.56
53.41	7.45	36.13
9.03	15.01	20.69
-46.14	23.80	4.03
-96.50	30.64	-11.78
-130.19	32.17	-24.96
-151.18	29.60	-35.46
-170.10	27.04	-44.49
-194.76	26.25	-53.04
-229.00	27.83	-61.77
-267.21	31.43	-71.29
-289.61	33.94	-83.19
-287.48	31.43	-96.74
-283.81	26.06	-108.40
-305.05	24.17	-115.17
-354.25	27.89	-115.91
-412.54	34.00	-111.82
-454.47	38.15	-106.57
-467.90	36.80	-102.60
-459.29	29.42	-98.51
-437.99	18.68	-92.77
-404.66	7.45	-86.79
-351.99	-2.81	-81.48
-282.53	-12.15	-74.95
-220.15	-18.68	-66.53
-184.08	-19.47	-58.72
-171.94	-15.14	-52.37
-175.54	-9.89	-48.16
-192.38	-11.60	-46.69
-194.76	-18.86	-47.12
-195.13	-23.56	-47.06
-193.79	-22.09	-45.72
-185.30	-16.85	-41.93
-159.85	-11.54	-34.42
-122.13	-7.87	-25.33
-94.67	-5.13	-20.57
-90.88	-3.05	-21.36
-104.00	-3.36	-22.95
-122.25	-5.74	-22.34
-127.81	-8.48	-13.85
-106.69	-8.79	-8.48
-77.15	-9.77	-4.15
-50.90	-12.51	-1.04
-38.33	-16.36	-0.31
-32.04	-18.74	-0.43
10.93	-13.85	9.22
35.58	-8.00	15.99
56.64	-1.59	21.91
83.19	3.91	27.71
184.14	4.94	34.48
213.01	-0.49	33.81
222.90	-5.07	31.56
219.85	-5.74	30.70
234.13	-3.42	38.02
260.86	-0.49	48.34
283.02	0.79	55.73
277.71	-1.10	54.75
242.37	-4.76	46.02
197.88	-7.26	35.83
166.93	-7.39	31.07
160.71	-6.23	35.22
174.68	-4.52	45.90
193.30	-0.67	57.31
200.99	5.98	63.90
191.59	12.15	61.77
168.76	13.85	50.48
140.32	10.31	33.69
116.70	4.15	17.27
106.99	-1.71	7.02
110.41	-5.37	6.04
120.73	-4.64	13.61
135.50	0.98	27.04
150.21	8.91	42.60
157.23	15.81	55.73
154.91	19.10	62.99
147.83	17.58	63.90
139.53	12.21	59.94
133.18	6.04	53.65
128.54	2.32	47.61
122.68	2.50	43.40
117.98	5.19	41.75
117.43	6.41	42.60
116.15	4.21	43.70
98.27	0.37	37.54
86.30	-0.12	31.01
75.38	-1.65	24.29
68.97	-4.27	18.62
69.21	-7.08	15.87
75.38	-8.30	17.82
88.26	-8.06	24.84
104.92	-7.93	34.97
113.46	-7.51	43.76
104.80	-5.19	46.33
82.82	-2.08	40.83
56.03	-0.49	28.99
33.02	-0.06	15.93
23.07	-0.55	7.57
27.65	-2.50	5.80
41.26	-4.82	8.30
58.47	-6.04	12.57
71.72	-5.86	16.97
73.79	-3.97	19.65
65.67	-1.34	19.47
54.93	-0.18	17.21
45.23	-1.04	14.16
22.16	-1.83	8.30
11.90	-1.10	5.92
0.55	0.43	3.23
-18.49	3.85	-0.55
-44.74	9.09	-5.25
-104.13	18.68	-17.03
-141.91	23.25	-23.74
-183.96	28.20	-31.31
-226.93	32.17	-40.65
-263.85	32.71	-52.80
-279.97	27.22	-65.92
-266.60	15.81	-74.10
-238.04	4.15	-72.14
-217.83	-0.06	-60.18
-243.65	19.84	-18.13
-267.70	35.58	3.54
-280.21	47.67	17.33
-284.79	51.09	17.88
-291.32	25.82	-14.10
-294.86	5.37	-33.94
-287.29	-12.88	-48.52
-270.57	-23.80	-53.71
-248.05	-22.71	-49.13
-218.20	-10.74	-38.70
-160.77	12.39	-19.35
-153.20	3.66	-16.60
-156.43	-9.09	-20.81
-158.51	-23.44	-27.22
-166.50	-38.02	-35.64
-182.50	-50.48	-45.17
-190.67	-56.95	-50.11
-176.27	-53.65	-45.59
-96.74	-28.99	-21.30
-63.29	-22.71	-13.06
-53.34	-25.82	-12.15
-66.71	-35.52	-17.70
-89.29	-45.72	-24.35
-96.56	-45.78	-21.12
-69.40	-33.14	-10.99
-35.89	-20.14	-0.31
-7.81	-13.98	7.45
16.42	-16.05	11.23
41.75	-22.89	11.72
64.15	-29.11	10.19
81.91	-29.48	8.24
108.15	-22.46	7.81
153.69	-11.90	11.29
210.27	-3.17	18.92
259.34	1.65	28.32
288.33	3.30	37.23
298.83	3.17	45.04
302.00	2.38	51.45
303.16	0.92	56.40
295.35	-0.55	59.63
273.74	-0.24	61.22
246.15	0.92	62.26
221.44	2.01	63.48
203.31	4.46	64.09
194.15	8.36	62.93
193.12	10.44	60.30
194.21	10.19	56.76
192.08	9.28	53.34
185.42	7.93	51.09
176.82	6.35	50.17
170.29	5.31	49.38
168.21	5.19	48.95
168.95	8.85	50.66
172.49	13.24	54.14
173.52	13.55	57.62
171.20	11.72	60.79
165.83	7.45	62.13
160.28	2.44	61.04
157.35	-1.10	57.92
157.71	-2.56	53.96
160.71	-2.32	50.96
161.62	3.17	48.71
155.88	5.43	47.91
151.00	4.15	47.97
148.56	-0.06	48.46
147.16	-4.33	48.40
146.12	-5.37	47.36
145.02	-2.44	45.84
144.29	3.23	45.29
151.18	11.11	50.60
171.81	20.69	65.06
181.58	20.51	67.57
153.20	0.06	47.06
104.74	-20.45	27.71
69.09	-19.47	20.02
50.90	-6.59	14.89
31.01	4.52	4.88
-2.69	12.27	-8.85
-41.26	18.37	-17.88
-68.91	23.56	-16.30
-80.87	27.47	-7.93
-81.91	25.21	-9.70
-83.01	18.01	-27.65
-93.08	11.35	-49.32
-116.39	9.46	-67.57
-150.51	11.78	-81.73
-182.37	14.40	-92.83
-196.47	13.92	-99.61
-185.91	8.48	-98.88
-124.76	-6.90	-71.29
-102.11	-9.03	-52.37
-95.46	-7.63	-37.17
-103.94	-3.85	-27.95
-120.24	0.37	-23.32
-134.28	3.11	-20.45
-129.33	1.10	-16.97
-109.13	-3.42	-14.71
-85.94	-7.81	-10.01
-68.36	-10.56	-4.33
-60.73	-12.02	-0.85
-61.04	-14.10	-0.67
-64.64	-17.58	-2.26
-67.26	-21.42	-4.09
-68.48	-21.36	-5.37
-67.57	-13.98	-6.23
-62.81	-3.11	-8.12
-57.31	4.46	-10.99
-52.73	7.08	-13.24
-44.68	8.42	-13.06
-26.67	12.63	-6.71
2.08	19.41	8.12
32.84	25.82	22.95
53.89	30.64	27.95
61.28	34.85	26.37
60.79	38.82	25.15
58.53	41.38	26.49
53.47	41.75	29.36
44.07	39.00	30.58
31.68	32.23	26.79
17.09	21.85	17.52
-17.52	0.67	-9.83
-33.02	-5.00	-24.11
-43.88	-5.19	-33.75
-48.34	1.10	-35.64
-46.20	11.78	-31.13
-40.10	21.42	-23.13
-34.12	24.29	-14.22
-30.64	17.15	-7.39
-28.93	1.40	-4.88
-27.95	-32.53	-15.14
-29.97	-40.53	-25.63
-34.24	-41.56	-35.77
-37.54	-37.90	-41.08
-34.42	-32.10	-38.51
-24.41	-25.09	-28.38
18.01	-11.72	10.62
27.34	-13.73	16.91
24.66	-19.47	13.06
12.02	-20.08	6.23
0.12	-19.10	0.12
-4.58	-16.36	-2.32
-1.83	-11.41	0.24
3.85	-4.94	5.92
7.87	0.85	10.44
7.57	3.23	10.13
2.62	1.16	4.82
-4.94	-4.46	-3.23
-12.02	-11.17	-11.54
-15.87	-16.11	-18.19
-11.11	-12.70	-19.41
-4.76	-4.39	-10.93
2.81	5.31	1.65
9.34	12.08	13.79
12.63	12.45	20.26
10.50	6.41	17.76
2.08	-2.62	6.84
-10.25	-10.80	-7.57
-21.18	-16.36	-18.92
-26.67	-18.01	-21.91
-23.68	-13.85	-14.83
1.77	7.75	18.19
13.43	15.44	32.04
20.14	17.27	37.66
20.32	14.77	33.57
12.57	10.62	21.91
-1.04	6.35	7.81
-14.59	1.89	-3.91
-22.09	-2.44	-9.46
-23.13	-4.88	-7.20
-20.51	-3.66	1.83
-14.22	0.67	14.28
-2.75	5.13	25.82
9.95	7.20	32.23
16.11	6.59	30.94
12.33	4.58	22.89
0.43	0.98	12.21
-13.06	-4.15	2.62
-21.97	-8.79	-3.72
-24.05	-10.56	-4.76
-20.02	-9.40	-0.92
-12.45	-6.65	4.27
-3.48	-3.30	7.93
5.92	1.10	9.70
15.20	6.53	10.80
21.36	11.84	12.27
20.57	15.87	13.85
5.68	16.66	12.94
1.71	12.39	10.44
-0.06	4.94	8.61
-3.11	-3.66	7.57
-11.47	-11.41	7.14
2.26	-0.43	19.23
23.62	14.28	35.40
20.94	18.07	38.88
11.60	18.01	39.00
3.17	14.65	36.19
-1.04	9.22	30.70
-5.07	3.54	23.86
-14.47	-0.73	17.33
-27.16	-1.77	12.39
-32.71	3.48	11.54
-24.29	5.98	17.46
-11.23	12.51	38.82
-8.30	16.66	49.01
2.75	14.47	60.91
14.95	9.89	65.25
30.46	8.24	70.19
40.59	11.11	76.29
38.76	16.17	81.24
28.50	21.24	79.83
16.78	26.79	71.29
9.16	33.57	58.96
9.83	39.18	46.87
19.47	39.31	36.80
32.59	32.96	28.32
40.34	24.11	21.36
39.12	17.09	17.15
34.79	13.12	16.30
34.73	10.93	18.43
39.37	9.46	22.34
44.49	9.95	25.94
46.81	13.67	27.59
45.65	19.23	26.37
39.00	25.15	22.34
25.51	31.07	17.33
9.52	36.50	13.31
-0.85	37.41	10.44
20.39	24.35	3.85
25.88	18.25	-5.00
21.42	17.15	-23.93
13.12	19.17	-47.73
17.94	22.16	-59.63
70.50	47.79	-23.68
95.64	61.83	15.75
107.42	66.77	52.12
106.14	64.64	72.63
99.73	59.20	76.05
95.15	51.64	69.40
94.60	43.58	59.20
96.74	38.15	49.07
99.55	36.32	42.05
101.99	35.95	40.47
103.70	35.16	45.53
103.70	33.81	55.79
100.89	32.41	65.55
95.15	30.70	69.82
86.91	28.44	67.69
77.09	26.06	59.81
66.47	24.11	46.39
55.24	22.09	29.30
42.11	19.78	13.92
27.28	16.85	5.62
15.01	13.37	4.64
0.24	4.15	3.48
-7.45	-1.10	-2.50
-15.56	-5.13	-9.95
-23.50	-7.81	-16.66
-32.23	-10.50	-21.36
-42.48	-14.22	-24.05
-52.43	-18.68	-26.49
-59.88	-23.01	-30.21
-64.21	-26.49	-34.67
-66.83	-28.81	-38.82
-69.82	-29.72	-41.56
-72.45	-29.11	-41.63
-72.69	-28.08	-39.00
-69.70	-28.26	-34.91
-65.37	-30.03	-30.64
-63.54	-33.20	-27.04
-66.16	-37.48	-24.48
-70.43	-42.11	-23.68
-72.39	-45.90	-25.21
-71.47	-46.75	-27.28
-68.05	-43.27	-28.02
-63.29	-37.78	-27.28
-59.57	-34.67	-25.88
-58.65	-37.41	-24.96
-58.29	-38.57	-25.45
-56.03	-38.88	-26.37
-52.49	-38.82	-26.67
-49.26	-37.84	-25.94
-47.97	-35.77	-24.84
-48.77	-33.39	-24.60
-50.35	-30.88	-25.63
-51.64	-28.75	-26.73
-51.57	-27.53	-26.37
-48.34	-27.47	-24.23
-42.30	-27.40	-21.36
-36.93	-26.67	-18.62
-33.87	-25.76	-16.48
-32.04	-25.09	-15.26
-31.01	-23.50	-14.34
-28.44	-20.51	-13.85
-25.76	-17.52	-13.12
-22.22	-13.92	-11.05
-18.37	-10.50	-8.12
-15.69	-7.87	-5.92
-15.20	-7.02	-5.92
-15.38	-8.54	-8.12
-14.53	-10.99	-11.17
-13.73	-12.45	-12.70
-14.28	-11.84	-10.93
-13.73	-9.34	-6.53
-9.77	-5.74	-1.77
-4.33	-2.50	0.98
-0.85	-1.22	0.61
-0.49	-2.38	-2.75
-3.36	-5.55	-8.18
-8.67	-9.89	-13.37
-14.16	-14.34	-16.78
-19.59	-21.18	-17.27
-19.47	-21.36	-15.20
-18.31	-19.10	-12.02
-17.76	-16.11	-8.79
-19.35	-14.28	-7.14
-22.22	-14.95	-7.81
-23.99	-18.19	-11.05
-24.54	-22.71	-16.24
-26.49	-25.88	-21.48
-30.58	-26.31	-24.84
-34.61	-24.96	-25.76
-36.87	-23.44	-24.84
-36.80	-22.28	-23.13
-34.55	-20.75	-21.18
-30.88	-18.19	-19.71
-27.34	-15.44	-19.35
-26.79	-15.32	-21.30
-28.50	-17.82	-22.34
-28.99	-20.08	-23.19
-28.75	-19.65	-23.62
-28.08	-16.17	-23.13
-19.10	-6.29	-17.21
-13.49	-1.65	-12.88
-10.56	2.14	-8.18
-9.34	4.58	-2.99
-7.26	5.00	1.65
-4.33	3.30	3.66
-2.50	0.43	1.28
-1.40	-2.08	-4.58
-2.08	-3.17	-10.93
-15.01	-2.50	-17.46
-21.67	-2.01	-18.43
-24.17	-1.71	-18.62
-24.17	-1.22	-18.31
-25.63	-1.34	-19.04
-29.05	-3.36	-21.61
-40.04	-11.11	-31.62
-47.24	-13.79	-37.35
-52.31	-15.01	-43.15
-55.60	-16.17	-48.77
-60.36	-18.07	-52.49
-67.08	-20.57	-54.26
-72.94	-23.44	-55.36
-75.93	-27.47	-55.48
-77.09	-32.84	-53.59
-79.47	-37.78	-50.66
-84.78	-40.28	-48.83
-91.37	-39.43	-47.79
-94.85	-35.95	-45.65
-91.86	-31.31	-40.95
-84.72	-26.25	-33.81
-81.30	-21.24	-25.63
-96.74	-17.52	-18.43
-99.61	-22.16	-21.79
-88.99	-23.99	-20.75
-76.60	-23.99	-17.15
-67.44	-22.09	-11.96
-62.13	-18.68	-7.02
-56.70	-14.10	-3.17
-47.85	-8.79	0.00
-38.39	-3.23	3.11
-33.57	1.22	5.31
-34.42	2.32	3.42
-40.28	-1.77	-4.09
-50.05	-10.56	-14.22
-58.84	-21.00	-22.89
-61.40	-29.11	-27.40
-56.88	-32.29	-26.73
-50.35	-30.94	-24.17
-50.23	-28.63	-25.88
-58.65	-27.65	-33.33
-71.96	-26.12	-39.92
-72.27	-26.31	-36.32
-77.09	-30.58	-35.28
-84.05	-38.45	-37.17
-83.62	-45.29	-37.90
-71.84	-45.53	-34.18
-53.16	-37.54	-26.67
-34.61	-24.48	-18.01
-21.55	-10.99	-11.11
-14.83	0.43	-7.02
-11.60	8.79	-4.58
-9.77	11.78	-2.93
-9.70	7.51	-2.08
-11.66	-1.95	-2.26
-14.22	-11.96	-2.62
-13.49	-18.13	-1.34
-4.46	-18.07	1.89
12.45	-11.41	5.25
32.23	1.04	7.75
50.48	16.72	11.11
64.39	31.74	17.15
70.98	49.93	31.62
68.12	51.51	36.32
65.61	48.65	38.02
61.04	42.72	34.42
52.80	35.71	25.76
46.02	30.27	16.60
47.73	28.56	11.47
57.62	31.86	11.35
65.19	39.79	14.71
62.19	49.44	19.17
51.03	55.66	22.71
37.29	54.02	23.68
21.85	44.92	20.32
5.55	33.08	12.76
-7.75	22.71	3.60
-15.32	16.05	-3.60
-16.11	13.73	-7.08
-10.68	15.26	-7.26
-0.73	19.96	-5.13
15.99	34.79	2.69
14.47	41.02	6.35
7.32	43.27	7.93
-0.43	40.34	6.29
-5.49	33.51	1.46
-8.54	25.57	-5.25
-13.18	18.68	-12.33
-21.85	13.43	-18.55
-33.08	11.05	-21.00
-41.20	11.17	-15.75
-39.67	10.07	-4.52
-22.34	9.58	3.30
-22.34	16.05	-5.13
-34.36	22.22	-21.97
-55.73	23.56	-46.94
-73.97	18.92	-69.27
-73.00	9.03	-73.00
-45.84	-0.67	-53.77
-1.95	-0.43	-23.01
77.33	31.43	24.05
98.33	44.37	33.51
110.72	47.24	34.91
119.14	42.42	30.33
124.94	34.67	22.58
130.25	27.71	14.95
135.38	22.77	10.25
138.61	19.17	10.86
141.05	15.01	18.62
144.90	9.34	30.40
150.76	4.58	39.86
158.51	3.66	43.70
166.02	7.14	41.75
170.23	13.24	34.55
171.26	20.02	25.21
171.75	25.63	18.68
172.49	28.63	17.58
175.11	29.36	20.32
182.50	28.99	24.05
191.59	28.14	27.65
194.40	26.92	32.23
187.81	25.94	36.99
175.72	26.31	39.18
165.04	27.71	38.15
158.94	28.26	36.32
153.69	27.04	35.16
146.42	23.99	33.51
124.15	15.75	24.35
84.96	10.56	3.66
72.08	7.32	-6.41
66.83	3.54	-11.60
68.91	0.24	-11.05
99.91	-1.34	4.03
121.89	1.16	14.16
138.79	5.13	22.83
151.55	9.77	28.26
161.74	14.22	30.52
166.08	18.80	31.19
163.45	25.02	31.56
157.90	32.65	33.26
153.50	39.43	37.11
152.95	42.72	42.54
157.10	42.36	47.91
164.12	41.02	51.64
170.78	41.81	53.04
174.07	45.90	52.80
173.28	52.37	52.43
168.40	60.30	52.12
159.73	68.18	50.60
149.78	73.61	48.83
143.55	75.26	49.80
144.71	68.60	52.55
142.03	62.01	49.87
135.44	56.82	46.87
129.03	52.73	44.43
125.00	46.81	41.81
120.18	38.64	38.21
115.84	29.60	31.68
110.11	21.79	22.22
92.10	17.21	13.43
65.55	13.61	7.26
43.64	7.81	1.77
28.50	-0.55	-7.81
11.35	-8.85	-27.77
-13.06	-13.98	-58.47
-39.86	-15.32	-93.38
-65.31	-13.85	-121.58
-89.42	-12.08	-132.51
-106.08	-12.88	-126.89
-107.97	-17.46	-115.60
-94.85	-24.23	-107.24
-76.35	-30.58	-104.06
-67.63	-35.34	-102.54
-73.73	-37.96	-98.88
-80.26	-37.78	-91.80
-66.41	-34.24	-79.65
26.98	-15.69	-34.67
122.13	10.25	36.07
140.01	18.80	70.56
140.08	22.34	97.53
133.79	19.78	111.21
123.96	12.88	113.04
110.96	7.45	110.47
101.75	7.32	110.11
102.78	10.13	114.69
108.52	10.56	118.16
109.62	4.88	113.83
108.46	-8.42	103.39
111.94	-28.69	92.53
118.47	-52.92	84.11
123.35	-77.82	79.35
128.23	-100.22	76.60
135.44	-114.56	68.66
140.01	-115.78	48.65
129.70	-102.78	17.27
103.94	-78.74	-20.32
47.97	-27.59	-100.65
-3.72	-2.69	-145.57
-8.79	6.84	-139.16
5.19	19.96	-120.30
28.56	33.45	-98.51
52.49	45.84	-83.07
73.55	59.69	-77.64
89.97	73.06	-73.24
103.39	71.29	-51.94
124.02	48.28	-14.16
151.86	20.69	18.98
173.46	6.77	36.74
184.69	12.33	41.99
173.77	39.79	36.38
125.43	98.75	25.02
75.01	152.77	29.24
66.16	137.45	52.55
80.75	69.34	74.77
90.03	14.47	92.41
93.02	0.06	108.40
93.32	12.51	117.37
85.21	30.21	114.69
62.44	40.10	103.64
30.15	37.84	92.22
-2.99	26.49	84.66
-38.82	14.04	79.71
-81.18	7.14	73.49
-123.72	6.71	62.74
-159.67	8.06	47.24
-191.16	7.02	29.30
-217.77	3.48	14.22
-236.69	-2.14	8.36
-247.68	-9.09	12.02
-245.73	-20.69	18.19
-227.11	-39.67	24.84
-206.48	-55.54	31.31
-213.81	-57.74	25.70
-258.85	-50.42	2.56
-331.24	-46.57	-29.30
-423.89	-51.33	-62.56
-515.99	-58.41	-91.19
-570.43	-61.10	-107.18
-559.81	-59.57	-107.06
-481.81	-60.00	-92.59
-375.61	-67.08	-69.70
-301.88	-78.06	-51.21
-291.50	-86.36	-48.71
-332.89	-89.54	-66.16
-385.93	-91.49	-100.83
-409.18	-96.07	-136.54
-380.07	-98.69	-146.30
-301.64	-92.71	-114.50
-203.37	-80.20	-55.42
-123.17	-67.32	-0.67
-84.11	-57.80	27.34
-83.25	-54.44	24.17
-102.84	-59.81	-3.91
-135.68	-72.08	-45.47
-227.60	-86.67	-104.61
-252.62	-78.00	-99.73
-244.51	-62.07	-75.38
-208.44	-44.31	-44.19
-163.57	-28.32	-18.49
-132.57	-17.27	-5.49
-120.85	-13.43	-6.41
-125.37	-28.50	-32.23
-141.78	-38.39	-47.79
-166.50	-42.30	-61.77
-188.90	-39.43	-69.09
-197.88	-31.92	-65.98
-189.45	-22.16	-53.41
-155.70	-3.78	-22.28
-140.44	0.85	-13.61
-125.18	0.73	-10.50
-110.29	-3.54	-12.39
-99.73	-10.44	-18.92
-94.36	-16.66	-26.61
-83.98	-18.25	-28.63
-58.41	-13.98	-21.06
-1.16	1.95	4.21
4.15	7.20	7.87
-2.62	8.24	2.38
-11.05	5.86	-4.58
-13.55	-9.64	6.16
-8.79	-19.84	16.24
11.90	-16.11	27.71
32.17	-1.77	33.81
55.18	24.90	34.67
38.64	28.26	23.19
17.03	23.86	9.70
0.92	15.56	0.06
-10.07	8.61	-3.48
-14.65	5.25	0.55
-8.06	3.85	12.08
28.26	0.61	40.41
43.21	0.06	47.85
46.20	0.43	47.18
39.37	0.55	40.83
34.12	0.18	34.24
37.90	0.61	31.92
47.36	2.75	34.85
54.99	6.04	40.41
57.31	9.34	46.08
58.72	11.90	52.31
65.00	13.37	59.94
71.78	13.55	65.43
71.59	12.33	63.54
62.93	5.92	43.70
65.12	3.72	38.94
75.07	4.70	44.43
92.16	8.06	58.35
109.62	11.47	74.46
120.73	12.94	85.88
124.76	11.84	87.46
117.74	8.97	77.03
97.23	6.59	57.86
72.63	6.16	39.61
53.77	6.65	31.13
42.05	7.26	34.91
37.05	6.77	47.61
39.98	5.13	61.71
49.19	3.85	68.24
59.75	3.72	63.48
75.99	6.04	41.08
83.25	7.39	37.54
83.74	8.18	42.48
78.00	8.30	52.43
74.65	7.87	60.49
74.65	8.18	60.12
69.58	9.52	51.27
59.02	10.25	39.31
47.67	9.64	28.81
34.55	8.61	21.97
18.31	7.87	20.32
3.66	7.14	24.11
-2.87	6.23	29.91
-1.22	6.23	31.92
3.54	7.87	28.75
8.85	10.99	24.60
39.79	18.62	27.71
101.20	34.97	38.27
109.13	37.05	34.79
36.87	4.64	3.36
-26.00	-29.48	-26.73
-30.64	-32.84	-24.60
-6.16	-14.77	-0.06
16.85	7.08	23.62
40.22	26.92	39.79
73.43	41.20	54.81
114.32	44.68	72.27
151.06	36.32	87.34
175.84	23.07	93.69
192.44	12.57	88.93
207.09	7.08	75.56
220.70	5.55	58.59
229.37	6.47	41.75
221.80	8.30	25.76
138.37	16.66	-1.04
75.20	18.62	-15.87
71.96	12.63	-22.03
78.49	4.94	-25.39
90.76	-1.83	-20.94
121.40	-3.30	8.18
135.99	2.20	21.55
146.97	9.28	28.02
153.63	16.54	26.31
152.77	22.52	18.31
140.87	25.45	7.63
123.05	25.09	-3.11
106.63	22.28	-11.54
93.93	18.68	-14.71
87.89	15.81	-11.35
94.36	14.28	-2.62
116.64	15.14	9.46
145.69	21.61	25.57
169.62	31.62	42.97
187.50	36.32	51.39
193.79	33.81	44.13
181.21	30.15	26.73
151.61	29.97	11.66
