4.52	-2.20	2.20
-0.06	0.37	2.62
-1.10	5.80	2.50
-0.18	10.68	1.65
1.40	12.33	0.61
3.42	11.35	-0.61
5.49	9.34	-1.89
7.02	6.77	-2.38
10.01	2.99	-0.73
10.19	2.14	2.75
6.53	0.37	4.94
-5.13	-5.43	11.11
-8.79	-9.28	13.55
-10.56	-12.94	14.83
-11.60	-16.05	16.11
-12.51	-18.62	18.37
-13.49	-21.06	21.85
-14.77	-24.11	26.25
-17.15	-29.48	31.01
-22.09	-38.64	35.46
-43.27	-64.03	42.60
-58.72	-78.55	46.51
-78.19	-96.31	51.51
-102.23	-117.61	56.58
-128.78	-139.40	59.14
-153.08	-156.80	56.88
-168.09	-166.50	49.62
-168.76	-168.52	38.76
-155.76	-165.41	26.73
-134.46	-158.75	15.50
-110.78	-148.93	5.55
-89.97	-136.41	-3.23
-76.23	-122.92	-10.80
-70.37	-109.80	-17.46
-69.40	-97.05	-24.11
-70.01	-85.33	-30.58
-67.81	-75.20	-35.89
-58.53	-65.61	-40.28
-41.56	-54.63	-45.29
-21.12	-41.02	-50.48
-2.81	-25.76	-53.89
12.51	-10.86	-54.63
27.95	2.99	-53.53
48.65	48.58	-51.09
52.06	63.48	-52.67
59.94	77.94	-55.54
62.81	91.98	-57.92
63.23	101.56	-59.08
66.89	108.22	-58.47
76.23	117.86	-55.11
92.53	134.58	-50.78
136.84	181.76	-42.05
155.15	197.69	-34.91
166.38	201.72	-26.49
171.94	195.98	-18.43
175.90	186.95	-11.96
178.89	178.04	-6.65
179.20	167.36	-0.61
180.24	152.83	5.07
192.38	136.11	4.58
214.84	119.57	-3.97
222.11	103.58	-10.62
196.17	86.18	-6.10
150.33	66.28	5.43
107.06	46.26	15.08
74.52	28.50	21.55
49.19	13.98	28.08
26.98	-0.55	36.13
3.91	-21.67	44.86
-23.25	-50.17	52.25
-81.60	-93.81	59.45
-98.94	-100.59	59.81
-107.18	-103.09	59.94
-114.50	-107.18	61.40
-125.55	-115.72	63.54
-140.14	-125.79	63.72
-160.95	-133.36	61.28
-189.88	-139.22	60.00
-216.19	-145.63	61.34
-228.15	-152.95	62.38
-214.54	-164.12	54.02
-201.23	-164.92	45.47
-191.04	-163.02	39.00
-182.86	-158.39	37.48
-163.88	-149.66	37.66
-135.38	-142.09	32.17
-111.15	-142.88	20.08
-95.40	-150.82	7.32
-86.55	-158.81	-1.40
-80.38	-160.28	-4.76
-72.51	-152.77	-3.05
-61.89	-140.32	1.22
-49.38	-128.60	3.48
-36.50	-119.81	-0.06
-27.10	-114.93	-7.57
-26.12	-113.59	-13.37
-34.00	-111.27	-15.93
-48.03	-105.16	-16.97
-67.08	-79.83	-10.74
-52.12	-66.89	-10.86
-38.15	-57.37	-10.62
-29.36	-52.92	-9.34
-26.25	-51.45	-7.26
-26.55	-50.05	-6.04
-26.67	-46.51	-8.24
-27.71	-41.50	-12.27
-29.85	-37.48	-14.71
-29.30	-34.61	-14.77
-25.09	-32.96	-14.10
-21.12	-32.10	-13.18
-22.16	-30.70	-12.51
-28.69	-29.60	-13.31
-35.03	-29.72	-16.85
-34.79	-30.21	-22.40
-30.27	-29.48	-26.00
-27.77	-25.76	-25.88
-28.26	-19.23	-23.86
-28.20	-12.33	-20.94
-24.41	-5.92	-17.64
-16.78	0.00	-15.01
3.54	-1.04	-7.45
1.77	-3.05	-7.75
-5.68	-6.47	-9.58
-17.15	-12.70	-11.11
-28.99	-20.39	-11.41
-36.87	-26.12	-10.07
-38.94	-27.65	-7.20
-37.29	-26.37	-4.33
-33.14	-24.60	-5.92
-32.84	-26.12	-9.70
-35.22	-28.56	-12.45
-39.49	-30.82	-12.70
-45.10	-32.29	-7.08
-46.39	-31.68	-2.32
-47.67	-29.42	2.08
-48.83	-26.79	5.07
-49.26	-25.02	4.58
-49.44	-27.47	1.04
-52.55	-31.68	-2.26
-58.59	-35.46	-4.33
-63.48	-37.17	-5.13
-54.87	-32.78	-4.58
-45.35	-28.02	-4.46
-40.59	-24.23	-5.00
-42.54	-22.40	-5.92
-46.81	-22.09	-6.84
-48.77	-22.95	-7.39
-47.55	-23.62	-6.77
-44.56	-22.89	-5.37
-40.47	-20.45	-3.78
-35.89	-16.54	-2.56
-33.26	-12.94	-1.89
-32.96	-11.96	-2.14
-32.10	-13.55	-3.36
-29.97	-16.30	-4.39
-28.02	-18.68	-4.15
-27.04	-19.59	-2.44
-25.94	-18.13	-0.31
-23.86	-14.53	1.04
-20.57	-10.19	1.28
-16.05	-5.55	-0.12
-11.78	-0.85	-3.30
-9.22	2.62	-7.14
1.65	-0.06	-15.44
5.98	-1.71	-16.54
10.62	-1.59	-16.66
16.66	1.10	-16.30
21.24	4.70	-15.93
20.81	7.14	-15.50
18.13	8.73	-14.83
17.82	10.68	-14.47
16.42	14.47	-17.52
12.88	12.39	-20.57
22.34	16.42	-21.79
58.04	34.67	-18.19
140.62	75.99	-15.99
176.03	97.60	-18.31
190.12	113.10	-21.24
186.16	119.87	-23.56
180.97	121.09	-25.88
186.89	124.21	-30.03
203.06	131.16	-34.97
228.70	140.81	-37.54
263.00	154.72	-36.99
302.25	171.94	-36.13
339.66	188.11	-38.15
364.56	198.61	-39.61
374.45	202.09	-35.95
377.01	201.17	-28.14
380.92	201.35	-19.10
392.03	207.52	-12.33
406.25	216.25	-8.54
409.42	218.63	-3.78
391.60	209.84	2.81
356.38	191.47	7.32
313.60	169.74	8.18
271.18	150.63	8.06
233.64	133.67	10.86
203.55	116.64	18.62
181.21	99.06	27.89
162.11	79.28	33.94
141.72	58.96	34.67
118.59	43.21	30.40
92.53	33.87	23.68
63.78	28.87	17.76
31.56	22.71	14.53
-4.52	10.56	14.77
-40.83	-6.65	18.43
-151.43	-58.65	36.68
-298.10	-108.03	55.85
-350.10	-122.56	62.87
-403.75	-138.61	70.74
-460.75	-157.65	80.14
-517.03	-178.10	91.06
-562.93	-197.14	101.68
-617.74	-223.39	114.32
-633.67	-228.15	118.29
-631.10	-225.65	122.92
-599.67	-219.85	128.05
-543.58	-212.46	130.25
-475.65	-199.52	125.43
-411.07	-181.52	113.34
-357.91	-164.43	99.61
-317.93	-149.54	92.29
-285.03	-134.70	91.74
-208.50	-100.16	84.17
-175.35	-84.59	77.82
-149.05	-73.18	71.29
-119.20	-65.31	62.50
-81.24	-56.82	51.82
-41.87	-45.35	41.81
-12.45	-34.48	34.91
1.40	-28.56	32.47
8.06	-25.21	34.24
19.59	-20.75	36.13
37.05	-15.32	35.64
56.15	-12.02	33.81
73.79	-10.68	31.31
87.52	-8.67	29.17
98.57	-5.49	26.31
111.51	-1.95	21.97
130.19	2.08	18.01
151.55	7.45	15.75
169.43	14.16	14.83
180.30	20.63	13.49
184.08	25.70	11.54
183.29	28.38	9.89
177.37	28.14	8.97
164.31	25.45	9.03
148.13	20.69	9.28
135.74	15.62	8.61
129.15	13.12	7.39
128.17	16.30	6.96
135.07	26.18	7.63
150.27	40.16	8.54
167.60	53.77	10.07
177.06	62.56	11.90
174.07	64.03	11.66
148.07	49.13	1.40
138.67	39.61	-5.80
137.02	34.79	-10.80
140.87	33.81	-15.20
149.23	32.23	-23.44
164.79	33.02	-33.14
188.05	42.79	-38.94
215.15	58.59	-42.79
238.04	74.28	-51.64
252.14	91.25	-67.32
261.78	109.99	-84.90
272.09	125.49	-96.86
285.03	135.07	-97.47
300.72	141.54	-87.04
313.72	147.40	-72.57
319.46	152.10	-59.94
330.20	164.61	-22.22
341.00	174.13	-4.76
348.82	183.59	10.86
348.02	188.54	21.97
337.77	186.28	30.03
321.29	176.88	36.87
303.77	164.12	42.05
287.41	152.16	44.43
272.95	142.88	45.47
259.03	137.02	47.36
240.48	134.22	50.23
215.27	128.72	53.22
186.46	117.74	54.81
160.77	107.30	53.10
143.98	101.87	47.79
106.69	84.41	29.79
39.55	45.90	29.97
0.18	23.25	35.58
-42.48	-0.18	40.65
-89.60	-23.13	43.15
-142.40	-45.78	42.18
-202.64	-70.07	39.61
-273.56	-96.86	39.00
-353.33	-125.06	42.42
-435.91	-153.50	50.11
-517.76	-181.58	62.62
-593.87	-207.15	80.02
-659.00	-228.15	99.98
-709.59	-243.16	119.45
-735.96	-249.63	135.01
-728.70	-244.93	142.21
-693.42	-229.92	140.20
-642.40	-208.92	133.91
-577.15	-184.45	128.23
-499.51	-160.16	123.11
-422.55	-142.58	115.78
-362.43	-133.18	106.51
-325.32	-126.83	98.08
-305.18	-121.22	92.41
-290.71	-115.72	88.56
-273.86	-108.52	83.86
-251.28	-100.71	77.39
-220.70	-92.16	69.95
-187.26	-80.63	63.29
-155.15	-69.21	58.72
-119.38	-63.54	54.20
-82.89	-60.67	48.83
-58.84	-56.40	45.04
-52.98	-52.37	41.87
-55.36	-51.15	39.12
-50.78	-49.19	41.93
-35.95	-40.65	50.17
-16.05	-30.15	57.68
4.70	-25.09	60.18
21.12	-25.45	57.74
29.36	-26.12	52.55
31.13	-23.93	45.96
32.41	-19.71	39.18
38.82	-15.38	33.57
50.11	-12.02	29.54
82.82	-8.61	25.51
97.78	-6.71	24.17
102.23	-4.27	21.30
101.75	-1.04	14.04
100.04	1.16	1.65
96.80	-1.95	-1.28
103.76	-5.62	11.23
125.43	-3.42	21.48
151.12	2.14	21.79
169.37	8.73	19.17
181.82	25.57	16.30
185.30	32.23	12.82
212.71	46.81	2.87
256.90	67.32	0.55
285.83	83.62	-1.59
277.10	84.90	-1.53
259.40	80.81	-2.20
243.10	73.97	-5.07
231.14	67.14	-9.70
221.80	60.73	-14.89
215.03	54.32	-21.12
214.23	48.03	-30.21
222.53	52.92	-51.57
214.17	77.58	-58.41
222.72	94.36	-59.69
236.08	111.33	-54.38
251.46	123.11	-45.96
267.88	127.75	-39.18
288.27	130.98	-33.20
313.72	140.75	-28.14
355.41	183.11	-38.09
241.03	174.93	-40.47
212.04	162.96	-30.64
205.26	158.81	-19.17
221.44	170.41	-5.07
246.83	191.65	12.21
261.72	201.05	30.58
263.67	188.29	43.58
249.63	158.14	47.42
222.84	125.37	44.56
194.52	105.65	41.20
167.66	101.20	42.18
140.69	100.95	47.42
114.69	96.80	53.53
92.83	90.39	57.01
78.06	82.89	55.66
68.18	73.61	50.60
58.53	64.45	46.26
46.63	55.60	45.04
30.09	43.58	45.23
-24.60	8.97	41.08
-67.63	-10.93	37.72
-130.55	-35.40	35.58
-218.81	-66.28	36.38
-328.00	-102.60	42.30
-569.27	-182.37	70.92
-680.73	-220.95	90.27
-775.09	-253.54	112.24
-842.65	-276.49	136.78
-876.28	-287.05	159.67
-871.09	-285.16	174.93
-747.50	-246.34	173.52
-647.52	-214.05	159.97
-535.34	-175.17	141.97
-419.74	-136.17	121.40
-316.35	-107.91	101.32
-248.47	-96.50	87.04
-226.14	-100.71	83.19
-239.44	-113.16	89.72
-262.63	-122.99	99.37
-268.19	-121.89	103.58
-245.24	-109.92	99.79
-198.67	-93.63	91.13
-142.40	-79.10	82.76
-95.21	-68.97	78.67
-69.76	-64.33	79.41
-66.53	-63.96	82.09
-77.09	-64.21	82.58
-89.29	-61.46	79.35
-93.38	-55.73	75.01
-87.28	-49.80	72.14
-74.52	-47.30	72.02
-57.98	-46.87	78.00
-35.71	-42.97	86.79
-7.75	-35.89	90.21
18.68	-31.80	85.82
38.82	-32.59	76.97
54.93	-33.75	67.44
68.91	-31.01	58.96
82.76	-24.05	51.57
95.58	-16.17	45.65
103.82	-11.05	41.93
112.43	-8.54	39.73
130.13	-5.74	36.87
160.28	-0.67	31.56
197.02	6.84	22.52
220.70	12.94	12.51
222.05	13.00	7.81
211.91	8.24	8.12
201.54	2.99	8.30
198.49	-0.31	6.77
202.94	0.79	4.39
207.58	6.90	2.20
209.59	16.42	1.22
211.91	27.83	1.40
217.04	39.37	1.53
224.37	48.71	1.46
232.24	55.48	1.83
241.15	61.58	1.65
250.24	67.99	-0.49
254.33	74.10	-3.72
252.38	84.29	-9.40
246.58	87.83	-3.05
239.14	82.46	10.50
238.46	85.57	18.31
233.40	89.42	19.65
229.49	91.06	23.38
220.03	91.43	29.05
201.90	92.90	34.00
180.48	94.24	35.71
163.33	96.19	33.33
150.70	102.11	29.60
139.34	110.96	26.49
127.56	119.51	23.99
116.15	125.73	20.81
106.81	128.78	15.93
100.22	129.76	9.89
94.85	130.62	3.91
88.44	132.20	-1.22
77.45	133.00	-4.58
57.56	133.24	-3.36
29.17	135.56	4.52
-0.43	138.31	13.98
-41.99	139.95	30.03
-34.06	133.30	27.53
-31.25	120.24	23.50
-39.18	109.86	20.81
-54.38	102.42	18.86
-73.79	93.08	13.85
-97.96	79.83	1.28
-121.28	71.59	-15.56
-138.12	71.84	-27.95
-154.85	65.37	-32.96
-178.22	43.27	-32.29
-198.43	16.78	-29.17
-199.71	1.83	-28.75
-176.45	4.33	-35.10
-137.27	17.94	-44.31
