79.83	83.62	-8.97
87.52	88.07	-9.64
93.57	90.88	-10.19
93.75	90.64	-8.79
88.62	88.75	-5.31
82.64	87.89	-1.34
81.18	90.21	1.28
87.16	94.36	2.32
98.75	97.78	2.50
111.63	99.43	1.83
119.93	98.14	-0.12
117.55	92.04	-2.50
103.70	81.36	-3.72
83.62	68.12	-2.87
62.01	53.10	-0.18
24.41	20.45	9.28
11.66	4.70	14.47
1.65	-10.44	19.41
-15.26	-38.39	30.76
-22.95	-50.66	38.27
-31.25	-63.05	46.69
-40.89	-76.17	54.32
-51.33	-89.42	59.27
-81.85	-125.37	61.10
-108.70	-150.82	59.63
-140.87	-177.06	54.87
-170.41	-198.55	45.65
-190.80	-211.30	33.75
-177.67	-199.77	-11.47
-155.03	-189.09	-22.40
-132.02	-177.00	-27.28
-116.27	-161.68	-30.27
-60.85	-137.94	-46.39
-44.68	-126.65	-54.75
-45.78	-109.01	-58.84
-36.80	-90.27	-64.21
-20.02	-72.88	-74.89
-11.29	-53.10	-87.77
-16.48	-28.99	-97.72
-17.70	-5.07	-101.87
-5.62	16.85	-101.75
2.75	42.24	-101.01
9.70	73.18	-99.67
21.97	104.61	-94.73
61.28	155.03	-78.67
95.34	175.48	-71.96
136.41	191.22	-64.82
175.54	202.21	-55.91
205.57	212.52	-45.29
223.33	225.28	-33.02
230.35	237.49	-21.42
229.92	240.72	-11.60
214.11	204.35	3.72
186.95	149.96	22.77
122.62	107.18	44.25
70.01	75.38	45.29
62.19	54.57	43.21
70.86	26.61	36.13
70.56	-4.21	31.92
41.56	-27.53	42.91
-4.27	-39.43	64.64
-41.20	-50.72	82.82
-59.69	-67.81	92.16
-62.38	-81.42	96.13
-60.73	-84.53	100.22
-67.02	-82.09	105.53
-82.95	-80.75	108.22
-104.25	-81.73	107.48
-127.32	-84.66	106.63
-148.44	-89.66	106.32
-162.90	-96.13	105.35
-169.13	-104.80	104.61
-170.53	-117.19	105.83
-164.61	-126.53	104.25
-146.06	-126.40	90.09
-122.44	-121.40	63.11
-106.93	-117.98	35.58
-105.96	-120.30	17.76
-116.33	-127.75	10.07
-130.92	-135.13	8.18
-142.15	-138.31	10.38
-141.66	-135.44	15.81
-125.92	-126.71	19.96
-103.45	-115.36	18.62
-83.62	-104.98	13.49
-67.32	-96.19	8.24
-54.81	-88.44	4.58
-48.77	-83.62	2.44
-49.99	-84.78	0.55
-56.21	-90.52	-3.60
-65.61	-96.74	-10.44
-75.26	-101.26	-15.93
-81.05	-103.09	-17.70
-82.58	-102.91	-16.36
-81.73	-102.36	-12.15
-78.98	-100.34	-6.47
-74.34	-95.09	-2.93
-70.62	-88.93	-3.78
-68.48	-86.43	-6.77
-63.54	-87.71	-8.91
-53.59	-86.91	-9.83
-41.56	-80.69	-10.13
-31.19	-71.47	-9.95
-17.82	-59.88	-10.07
-15.26	-57.50	-9.09
-14.89	-52.19	-6.35
-14.53	-42.30	-3.72
-8.67	-18.49	-4.15
-3.23	-10.62	-5.07
6.71	-3.66	-6.23
21.85	4.64	-8.91
38.02	14.40	-10.93
53.47	24.23	-10.86
70.98	33.20	-10.38
93.38	42.72	-10.31
118.65	53.47	-10.38
142.40	63.29	-9.95
161.32	70.86	-8.79
172.12	76.11	-6.84
176.21	78.86	-4.58
181.88	84.11	-6.10
156.25	76.11	-2.08
89.90	28.75	10.74
64.27	10.86	13.37
39.73	-7.45	14.53
16.78	-23.86	14.10
-7.26	-36.44	13.43
-33.63	-46.08	14.40
-60.49	-55.05	13.06
-86.36	-65.37	4.52
-110.84	-77.09	-7.26
-130.62	-87.34	-14.71
-140.14	-92.16	-15.93
-134.70	-88.50	-13.73
-97.35	-57.37	-8.61
-84.29	-43.88	-10.62
-77.51	-37.35	-14.22
-54.38	-29.30	-16.85
-44.92	-27.89	-14.16
-37.54	-25.51	-11.84
-33.02	-21.85	-10.38
-32.84	-18.37	-10.38
-37.11	-17.52	-11.29
-40.53	-18.86	-12.15
-37.41	-19.23	-13.31
-29.30	-17.82	-14.65
-22.28	-16.66	-15.32
-19.59	-16.54	-15.44
-19.41	-15.99	-14.89
-18.31	-13.49	-13.49
-15.69	-9.09	-11.84
-13.18	-5.49	-11.11
-12.76	-6.04	-11.29
-15.38	-11.11	-10.01
-19.65	-17.27	-5.92
-27.22	-23.32	-0.31
-31.43	-26.06	-0.18
-33.75	-28.26	0.79
-32.53	-27.89	0.61
-31.49	-26.98	-2.75
-34.36	-28.81	-7.45
-39.67	-33.20	-10.62
-43.21	-37.60	-11.72
-42.79	-39.98	-12.94
-39.61	-40.04	-15.99
-36.87	-39.92	-19.35
-36.19	-39.79	-20.26
-36.56	-37.11	-18.13
-36.01	-31.01	-14.77
-33.51	-24.17	-12.63
-28.75	-18.80	-12.57
-15.32	-5.13	-17.15
-13.98	-3.11	-19.90
-10.62	-0.49	-21.67
-4.70	3.78	-18.92
20.02	12.88	-13.18
35.95	17.76	-14.65
56.40	23.74	-18.98
79.41	31.98	-25.09
103.09	42.42	-30.58
126.40	54.63	-33.87
149.35	68.60	-34.91
186.95	100.95	-29.11
207.58	144.84	-16.30
214.17	150.63	-13.73
218.75	153.75	-11.11
225.95	157.35	-8.61
239.26	162.05	-5.00
255.62	166.99	0.73
272.46	171.51	5.74
286.93	174.68	5.74
287.29	173.40	5.37
266.42	163.76	12.08
234.13	144.59	22.52
199.10	117.00	32.17
160.95	83.92	40.04
118.04	50.35	45.17
68.05	19.65	48.95
9.83	-8.36	52.73
-110.23	-42.24	44.62
-176.64	-49.50	33.75
-233.03	-54.93	29.66
-263.18	-58.78	34.48
-278.08	-62.19	42.79
-283.26	-65.06	51.51
-282.78	-66.10	57.25
-286.50	-64.21	55.85
-301.09	-61.52	49.99
-315.37	-61.10	46.57
-350.77	-73.49	56.40
-398.38	-85.88	70.43
-435.55	-97.90	85.14
-443.42	-109.19	95.15
-419.49	-116.76	100.16
-385.38	-117.55	102.11
-350.52	-114.14	102.05
-313.42	-110.66	99.67
-278.56	-108.64	95.95
-246.83	-106.93	93.81
-219.12	-103.70	93.26
-197.94	-100.10	91.43
-181.09	-96.68	86.49
-167.54	-92.53	79.16
-157.04	-86.61	71.90
-147.64	-79.59	67.14
-134.64	-71.47	64.94
-114.50	-62.07	62.74
-88.99	-51.88	57.25
-65.43	-42.11	47.00
-26.37	-40.77	20.57
-9.64	-42.11	24.05
11.11	-37.41	29.30
30.88	-29.05	32.17
45.47	-20.69	31.68
57.07	-13.73	28.87
71.66	-7.93	25.02
88.75	-1.89	20.51
105.77	3.54	15.87
120.06	6.90	11.72
132.39	9.16	8.73
145.81	11.84	6.84
158.69	15.01	5.43
167.42	18.98	3.78
174.62	23.80	0.92
177.06	30.21	-2.20
171.45	38.70	-2.01
181.09	48.16	0.24
183.65	68.24	-1.34
182.92	57.25	-7.51
197.81	42.05	-16.17
200.44	35.52	-19.17
190.61	32.35	-14.47
182.07	28.75	-7.14
158.69	28.99	1.83
132.63	27.47	10.31
121.83	21.42	12.76
116.76	16.54	8.36
105.47	13.92	1.16
79.41	15.44	-5.13
34.79	9.70	-10.44
68.18	13.92	-22.46
120.91	48.95	-32.23
156.43	82.28	-71.29
174.26	120.00	-99.85
183.47	143.25	-110.90
190.31	168.58	-113.04
191.71	192.99	-100.95
199.58	208.86	-76.54
220.40	216.25	-51.82
251.34	218.38	-37.54
279.60	215.09	-31.80
296.20	206.73	-26.49
302.31	191.96	-18.49
298.65	170.10	-10.07
284.30	146.55	-3.60
260.01	125.98	1.16
230.16	107.97	5.74
197.51	91.43	11.29
164.00	76.23	19.10
134.16	63.96	28.32
110.53	55.42	34.91
91.43	50.90	35.89
71.53	48.46	31.86
42.91	41.75	26.06
3.11	26.43	21.91
-42.60	5.74	21.24
-88.68	-14.28	24.35
-133.91	-31.19	30.52
-182.86	-46.63	39.92
-240.84	-64.03	52.86
-306.95	-85.57	68.66
-374.82	-110.47	85.69
-438.05	-135.44	102.72
-489.81	-155.94	118.77
-523.01	-169.25	131.71
-536.07	-174.87	139.34
-531.19	-174.13	140.99
-485.17	-166.32	129.27
-456.36	-162.29	119.63
-429.08	-157.84	111.88
-401.18	-151.61	108.15
-370.42	-141.72	106.75
-337.83	-129.15	105.59
-305.91	-116.39	104.37
-276.00	-104.06	102.42
-247.38	-91.31	98.14
-207.52	-79.16	93.69
-159.24	-69.34	91.25
-133.91	-60.36	83.86
-128.11	-51.57	70.07
-117.31	-44.74	57.98
-101.26	-39.18	49.38
-82.15	-33.75	40.71
-37.66	-20.75	27.16
-38.33	-13.12	33.51
-28.56	-9.77	39.12
-12.94	-11.78	39.55
-0.49	-16.11	35.28
11.41	-19.84	28.93
21.67	-20.94	21.73
26.98	-19.71	16.24
29.30	-17.46	13.98
33.57	-14.71	14.34
39.49	-11.29	17.03
44.25	-7.63	20.51
49.80	-5.25	22.22
57.19	-4.82	21.24
64.88	-5.80	18.13
71.04	-7.20	13.18
78.55	-8.12	7.39
91.13	-8.00	5.07
103.82	-6.23	7.39
112.24	-3.30	10.31
116.70	-0.67	11.05
120.85	1.71	9.77
131.71	4.94	7.39
148.07	10.50	0.79
149.29	12.39	-11.11
123.72	5.43	-15.93
89.78	-3.05	-7.69
70.80	-6.35	1.40
71.96	-6.47	4.52
83.68	-4.64	5.13
99.55	0.37	5.98
118.65	9.77	7.57
140.75	22.89	9.03
164.92	38.15	8.91
190.31	53.22	6.16
212.59	64.45	2.32
225.34	69.58	-0.37
223.02	65.73	-3.72
217.29	57.50	-4.70
214.11	51.21	-6.41
209.84	44.01	-9.40
205.63	37.84	-15.08
197.69	32.04	-22.64
181.76	25.45	-30.21
158.20	19.29	-37.29
133.12	15.50	-44.86
115.60	15.56	-53.22
116.09	47.36	-64.33
132.57	59.75	-66.59
138.61	72.63	-61.10
151.25	94.97	-56.95
174.32	118.77	-61.28
199.83	138.49	-71.29
217.16	152.47	-79.71
227.42	162.41	-82.09
236.94	170.65	-77.88
241.70	176.88	-68.85
233.58	180.05	-58.29
216.55	181.95	-49.32
201.42	183.78	-42.42
202.64	180.73	-33.45
211.00	169.01	-18.68
199.04	150.70	-1.34
163.51	129.58	12.51
74.89	80.93	28.02
38.51	54.02	35.77
3.48	28.50	45.65
-37.35	8.97	57.07
-81.36	-3.11	67.44
-121.89	-13.55	74.34
-155.27	-27.40	77.45
-187.26	-44.62	77.88
-228.58	-63.60	77.70
-281.37	-84.35	80.57
-342.35	-104.86	88.50
-404.17	-123.17	100.10
-458.62	-139.77	111.08
-501.71	-154.48	118.23
-531.86	-168.88	126.53
-518.07	-165.77	127.87
-487.18	-157.29	126.04
-438.60	-147.16	123.23
-391.42	-137.88	118.96
-356.93	-129.27	109.50
-324.71	-120.48	97.05
-293.88	-109.31	86.61
-264.77	-94.67	78.92
-234.62	-79.28	73.00
-204.53	-66.89	69.46
-176.82	-58.29	68.73
-151.98	-51.39	68.48
-128.11	-45.10	65.61
-102.48	-40.16	60.61
-73.73	-37.72	56.46
-55.91	-36.87	43.88
-52.80	-34.18	45.47
-49.50	-31.37	48.46
-48.52	-28.99	49.68
-46.87	-26.61	48.58
-41.75	-23.74	45.53
-24.60	-16.54	35.16
-15.62	-11.84	34.12
-8.18	-6.23	37.05
-1.04	-1.95	40.71
9.89	-1.10	41.44
24.05	-3.05	38.82
37.72	-6.47	34.48
56.15	-12.70	25.39
70.74	-12.51	14.95
89.60	-9.89	10.80
110.66	-5.13	7.75
127.87	0.37	3.72
138.00	5.25	-0.79
143.13	9.16	-3.72
147.46	12.08	-4.88
151.55	13.61	-5.13
152.16	13.31	-3.97
146.48	13.92	-5.49
95.15	7.87	-20.81
94.24	0.24	-14.53
109.68	-2.93	-0.31
122.38	-1.22	7.45
128.85	3.48	7.93
132.14	9.64	6.16
141.54	17.82	3.48
160.77	29.48	0.24
185.91	43.95	-2.69
207.52	58.84	-4.39
212.16	72.27	-5.43
197.94	81.18	-8.18
178.83	84.66	-15.26
182.80	84.96	-20.63
204.96	84.84	-16.78
215.27	85.08	-10.25
210.45	82.52	-12.88
197.57	70.62	-8.06
181.70	64.03	-2.20
160.16	56.64	4.03
136.84	49.32	8.30
116.39	43.64	8.30
101.62	39.55	4.39
90.82	35.52	-1.83
78.49	32.10	-8.12
67.57	28.99	-14.16
62.74	25.09	-18.98
44.80	13.67	-12.76
28.69	7.93	-4.21
17.15	5.00	2.32
14.16	4.82	5.80
20.02	6.35	8.91
35.64	9.40	12.51
57.62	13.98	14.83
78.12	18.62	15.32
92.53	23.38	14.10
100.95	28.56	11.47
106.26	33.87	7.57
112.06	38.94	2.44
119.93	44.49	-3.85
129.15	51.09	-10.50
138.79	59.20	-16.11
147.09	67.87	-18.98
152.89	75.38	-18.86
156.74	83.50	-15.01
148.32	85.21	-9.77
147.03	89.11	-9.40
144.23	95.70	-9.64
134.52	102.78	-8.73
118.59	108.64	-6.53
102.66	112.12	-5.19
91.00	112.98	-5.92
81.30	111.21	-7.02
60.00	106.57	-0.92
59.39	92.22	-0.49
62.07	86.49	-2.32
