2.93	-6.35	0.98
3.17	-7.39	1.83
3.60	-8.67	2.93
3.85	-9.95	4.03
0.98	-10.62	5.25
-0.73	-10.01	5.37
-2.38	-10.13	5.49
-4.03	-11.41	5.98
-5.55	-12.94	6.71
-6.10	-13.49	7.57
-4.70	-12.94	8.36
-1.89	-12.63	8.85
0.98	-13.55	9.28
3.42	-15.69	10.50
6.23	-18.62	13.18
10.01	-22.34	16.72
13.43	-27.71	21.24
9.34	-58.23	42.54
5.25	-73.97	47.79
2.14	-76.84	47.73
-3.23	-78.49	47.79
-11.72	-80.75	48.89
-23.19	-85.14	50.42
-37.72	-92.71	49.87
-56.40	-103.27	44.74
-78.19	-115.23	34.36
-98.39	-125.67	20.26
-113.46	-132.39	5.19
-122.19	-134.89	-8.36
-124.39	-134.34	-18.98
-120.12	-133.00	-26.25
-111.63	-131.84	-29.60
-101.50	-130.25	-28.75
-88.99	-126.40	-25.21
-73.85	-118.90	-20.69
-59.39	-107.97	-15.75
-49.74	-94.85	-10.74
-45.84	-80.87	-6.53
-46.57	-68.18	-4.21
-51.33	-59.57	-4.94
-58.84	-56.58	-9.58
-66.77	-58.04	-17.88
-72.75	-60.67	-27.22
-75.99	-62.07	-34.12
-75.56	-62.01	-37.78
-69.76	-61.28	-40.77
-58.65	-58.47	-45.29
-45.17	-51.64	-51.57
-20.87	-26.00	-72.63
-12.88	-10.99	-84.96
-7.51	2.75	-92.41
-2.93	14.16	-93.02
2.20	22.83	-88.68
23.01	42.79	-83.92
28.99	56.64	-85.88
33.20	78.80	-86.06
39.49	108.03	-84.05
52.43	138.31	-79.53
73.36	162.48	-72.20
100.28	177.49	-62.07
130.00	185.55	-50.78
194.89	194.95	-35.03
240.23	189.76	-35.46
279.54	175.78	-34.97
285.95	161.87	-21.91
264.59	149.96	4.94
238.16	135.19	34.85
215.58	116.58	57.56
194.89	97.60	72.75
172.73	81.05	84.90
148.13	67.81	93.57
126.28	56.58	94.36
110.72	44.80	84.53
97.35	30.58	66.22
84.72	15.56	46.08
72.33	2.50	32.53
32.47	-22.09	37.90
11.72	-31.86	49.44
-2.56	-36.99	59.75
-16.66	-41.08	66.41
-43.15	-50.17	69.21
-81.30	-67.99	67.75
-115.66	-90.58	61.58
-135.31	-107.85	51.39
-147.58	-114.20	40.41
-170.59	-115.17	33.81
-197.39	-117.86	37.35
-207.34	-123.17	47.49
-209.53	-130.37	54.26
-217.29	-138.49	54.50
-230.77	-147.95	50.23
-230.22	-166.20	43.64
-200.74	-163.82	39.61
-176.45	-157.53	35.58
-164.49	-152.95	35.40
-153.20	-150.39	36.44
-112.12	-142.03	27.59
-87.65	-133.67	23.13
-61.71	-123.35	21.97
-34.91	-111.39	21.30
4.27	-86.43	18.98
20.63	-51.15	12.82
25.51	-47.91	9.64
29.05	-47.73	7.87
29.05	-47.24	5.80
25.21	-45.84	0.98
17.33	-45.04	-7.32
6.35	-46.33	-14.53
-3.72	-49.13	-15.81
-8.36	-50.29	-14.59
-7.51	-47.18	-16.85
-6.16	-41.38	-21.79
-9.03	-35.22	-24.29
-15.99	-30.15	-24.60
-24.66	-28.20	-25.94
-32.78	-29.11	-26.25
-35.83	-30.21	-23.93
-30.70	-28.32	-21.48
-21.61	-23.99	-20.32
-13.73	-16.60	-15.26
-14.10	-12.21	-13.24
-15.26	-8.36	-12.88
-19.78	-7.75	-12.70
-27.40	-10.44	-12.76
-32.10	-14.40	-15.14
-30.15	-18.25	-18.86
-25.45	-21.91	-19.84
-23.01	-25.09	-16.91
-23.44	-27.71	-14.47
-25.70	-29.85	-15.87
-31.56	-32.53	-18.74
-41.26	-36.01	-20.02
-48.46	-38.82	-20.02
-47.12	-35.40	-12.94
-49.13	-32.65	-8.12
-53.59	-32.71	-5.31
-57.74	-36.01	-4.76
-57.74	-40.59	-6.77
-53.83	-44.98	-11.11
-48.10	-47.18	-15.69
-42.24	-45.78	-18.74
-38.51	-41.93	-19.10
-36.62	-37.23	-16.97
-34.24	-31.25	-14.89
-25.88	-19.17	-17.88
-18.43	-12.63	-21.12
-7.26	-4.88	-22.83
7.14	2.01	-22.58
40.95	11.11	-19.59
59.81	16.30	-17.52
78.92	24.23	-17.40
94.54	33.26	-21.06
105.47	40.28	-27.34
114.81	44.74	-33.14
117.80	50.48	-36.25
116.82	60.00	-36.93
169.13	110.72	-37.35
195.68	131.41	-38.64
220.76	150.76	-39.73
241.88	167.18	-35.95
257.63	180.66	-27.10
271.79	191.65	-17.33
285.10	198.12	-9.34
294.07	198.91	-3.97
299.56	195.80	-1.71
302.12	190.55	0.18
300.72	184.14	4.21
295.47	177.37	8.48
281.43	166.26	11.60
250.43	144.65	15.26
199.34	111.33	21.24
134.09	72.57	28.08
69.21	35.95	31.37
15.81	4.94	30.82
-29.85	-22.03	30.46
-70.50	-44.25	30.33
-100.89	-57.74	29.48
-151.55	-79.59	39.00
-158.81	-80.69	41.50
-163.57	-80.14	44.31
-168.27	-77.82	45.10
-178.16	-72.45	42.91
-181.82	-56.82	34.85
-168.70	-52.92	31.25
-164.37	-53.83	26.61
-185.18	-59.57	21.85
-230.04	-69.76	20.20
-284.61	-82.82	24.23
-335.08	-95.46	33.94
-370.79	-103.82	46.39
-386.60	-107.24	57.98
-382.45	-107.79	67.20
-355.83	-106.75	71.04
-317.57	-104.25	67.75
-290.65	-102.91	61.71
-281.37	-104.68	58.04
-276.49	-106.51	58.11
-259.64	-104.31	60.06
-229.80	-96.74	61.28
-200.13	-86.61	61.52
-179.99	-78.49	62.56
-171.14	-73.61	64.58
-170.59	-70.68	65.73
-167.79	-67.99	64.94
-152.77	-62.62	61.77
-125.73	-53.04	55.73
-98.21	-41.69	47.91
-79.96	-34.12	40.65
-69.34	-33.08	36.56
-60.24	-34.12	37.48
-46.14	-33.02	41.38
-26.43	-29.17	43.15
-5.92	-23.99	41.20
15.32	-19.41	37.72
35.52	-14.47	34.18
51.57	-7.57	31.13
64.58	0.85	29.05
77.45	9.77	27.83
94.06	18.62	27.04
114.20	27.53	25.27
133.36	33.75	20.20
149.54	34.61	12.76
164.98	31.68	6.71
179.44	29.17	3.66
190.49	29.36	3.48
201.05	31.13	5.25
210.88	34.24	8.12
216.61	40.04	11.29
220.28	48.46	13.43
226.50	56.03	12.08
238.22	59.20	6.10
250.00	56.58	-2.75
252.01	51.51	-11.60
243.41	47.91	-18.80
236.94	45.23	-24.35
226.75	45.96	-27.28
193.60	50.66	-27.95
149.78	54.75	-31.25
127.93	61.95	-38.57
138.79	76.11	-46.63
161.80	88.87	-52.31
183.23	95.28	-58.04
206.05	101.26	-66.65
252.01	117.07	-89.90
172.91	152.59	-135.56
158.14	179.99	-153.81
189.82	197.14	-137.21
215.15	193.05	-91.67
220.40	174.50	-47.91
221.92	157.04	-24.41
229.37	147.46	-16.78
233.46	138.73	-13.37
223.08	120.97	-8.97
200.44	94.24	-3.36
173.28	69.34	4.58
148.62	57.01	14.59
129.76	60.49	23.74
115.36	72.45	29.17
102.91	81.67	32.04
87.77	81.05	36.99
67.75	70.07	45.35
48.34	55.05	52.00
34.42	43.33	53.65
23.68	37.35	52.37
8.73	35.46	50.84
-15.62	35.03	49.07
-46.75	33.33	43.64
-82.46	25.39	34.85
-122.44	8.97	28.50
-161.13	-12.02	28.75
-192.75	-32.84	34.79
-217.83	-50.05	44.49
-236.94	-60.42	54.81
-245.85	-61.95	61.22
-243.96	-56.95	61.40
-235.84	-51.70	57.86
-224.67	-51.51	53.53
-217.04	-57.92	49.13
-224.00	-69.21	45.53
-253.05	-84.41	44.86
-301.51	-103.03	50.17
-357.91	-122.01	62.74
-408.26	-136.05	80.57
-440.06	-142.88	100.28
-448.55	-142.82	117.55
-395.81	-132.51	128.11
-352.54	-127.62	119.87
-312.19	-120.67	108.83
-280.52	-110.29	98.63
-254.15	-99.12	90.82
-172.36	-74.46	88.56
-162.29	-66.35	83.62
-146.18	-59.08	78.61
-123.54	-51.51	75.07
-97.53	-44.49	72.45
-78.43	-40.34	70.13
-69.27	-39.49	64.27
-64.82	-41.02	52.55
-62.38	-43.03	42.36
-26.06	-29.30	64.15
-16.54	-29.42	66.96
-10.19	-31.25	63.23
-2.99	-32.23	55.79
7.14	-31.68	47.55
17.64	-29.54	40.77
35.10	-24.41	31.13
46.87	-22.34	26.79
58.35	-19.84	23.50
65.06	-16.11	22.03
68.05	-11.78	22.03
74.16	-7.87	22.09
88.38	-4.21	20.39
106.75	-1.34	14.40
123.35	-2.32	4.21
169.01	2.38	7.39
220.52	32.23	23.13
233.76	40.95	21.18
237.30	43.03	16.72
238.53	42.79	6.29
270.75	52.37	-2.01
319.40	59.69	-6.47
298.95	60.36	-8.24
272.58	59.75	-8.91
246.28	59.20	-10.25
227.78	59.81	-14.53
219.12	61.40	-22.09
212.65	63.23	-31.49
207.52	65.49	-42.30
205.87	66.71	-52.86
201.66	64.39	-60.55
195.13	60.42	-64.15
189.45	61.40	-61.71
181.88	67.57	-56.58
172.67	76.48	-55.18
163.45	91.74	-54.14
156.80	115.30	-47.24
159.61	141.30	-38.82
171.26	160.10	-36.32
179.38	166.38	-36.38
177.86	148.93	-19.41
186.89	144.71	-10.86
199.28	158.63	-14.95
198.00	180.42	-28.81
187.44	186.95	-35.77
178.83	171.14	-22.40
168.40	144.78	4.46
158.57	121.64	27.59
153.44	107.54	37.84
149.35	100.22	37.05
111.02	86.43	28.26
68.42	75.32	29.05
-5.49	54.20	35.28
-24.23	46.02	34.85
-40.04	35.89	35.16
-57.62	22.28	38.39
-77.64	8.00	43.33
-104.55	-4.39	48.89
-141.85	-16.05	54.93
-190.43	-30.33	62.50
-248.66	-48.52	72.14
-316.35	-70.56	82.34
-391.66	-94.24	91.37
-453.80	-116.39	96.44
-489.56	-136.41	96.13
-513.55	-155.15	95.03
-535.10	-170.29	99.37
-549.07	-177.25	109.74
-546.45	-174.99	120.48
-431.95	-149.72	109.62
-369.26	-139.28	103.33
-310.00	-123.35	100.59
-266.48	-104.25	95.09
-233.70	-88.50	86.79
-191.77	-74.89	66.41
-181.46	-72.57	62.62
-165.71	-66.35	61.83
-147.64	-59.45	63.17
-129.58	-53.83	64.09
-102.17	-46.39	58.53
-92.96	-44.01	50.54
-85.94	-41.99	43.64
-77.58	-38.88	44.80
-61.89	-34.06	53.96
-40.95	-28.14	65.73
-23.62	-22.09	73.55
-4.76	-18.37	73.30
18.74	-19.04	65.73
36.93	-22.58	54.63
46.08	-25.27	45.10
52.61	-25.21	39.43
63.17	-23.25	35.58
132.63	-6.90	25.39
182.19	9.89	-4.64
168.09	20.32	32.90
174.80	20.45	40.83
211.49	15.14	24.60
221.62	27.22	20.02
234.68	46.57	18.07
253.11	66.41	15.87
273.56	91.13	3.78
270.75	90.27	-7.20
287.11	93.69	-44.25
298.40	97.17	-46.87
304.26	100.52	-42.30
297.91	103.88	-30.58
279.17	107.73	-14.22
255.37	112.55	0.43
234.13	118.47	8.06
217.10	124.39	8.42
205.32	128.66	4.39
199.10	129.58	-0.31
195.01	125.43	-2.14
187.44	116.76	-0.37
171.14	107.97	2.93
138.73	101.56	5.19
90.82	97.78	4.21
42.79	96.07	-1.34
10.31	95.09	-9.58
-2.08	96.62	-14.89
0.85	102.60	-13.37
11.60	105.90	-8.54
21.67	100.89	-4.21
24.72	95.52	0.00
22.52	102.36	5.98
20.94	118.23	12.39
21.06	123.66	14.22
20.20	115.11	11.90
14.71	104.80	8.97
2.44	96.31	6.47
-15.14	89.29	4.58
-32.96	84.84	4.46
-43.09	76.29	9.52
-43.82	62.07	16.91
-75.38	45.53	25.09
-155.88	35.16	24.41
-216.55	32.29	12.08
-203.86	31.31	-3.48
-168.46	27.22	-12.15
-152.22	21.00	-11.11
-145.39	18.92	-5.55
-128.66	25.21	-3.17
-105.71	35.46	-4.82
-92.83	41.02	-5.00
-94.97	36.74	-1.10
-80.44	8.00	0.00
