-3.23	-2.50	2.99
-3.30	-2.26	2.99
-4.03	-2.62	1.53
-5.13	-3.36	-0.49
-6.04	-4.21	-2.08
-6.29	-4.70	-2.75
-6.10	-4.64	-2.38
-6.41	-4.09	-0.92
-8.12	-3.78	1.28
-10.99	-4.15	3.54
-14.40	-5.86	5.00
-18.13	-8.61	5.19
-22.09	-11.29	4.46
-25.76	-13.37	3.42
-29.24	-15.50	2.99
-32.90	-18.25	3.66
-51.45	-28.63	13.49
-62.01	-33.75	18.13
-75.62	-42.05	23.19
-92.29	-54.26	28.69
-111.82	-70.31	34.48
-175.48	-122.19	54.69
-188.29	-133.12	61.65
-191.35	-140.01	66.16
-185.85	-143.49	67.63
-176.09	-144.71	66.41
-165.83	-144.90	62.32
-157.23	-144.84	56.58
-149.84	-144.04	50.96
-143.25	-141.60	46.14
-137.39	-138.37	41.63
-112.24	-125.00	21.42
-109.37	-116.88	14.40
-110.41	-109.01	7.81
-109.68	-104.61	1.53
-113.46	-102.72	-2.99
-112.67	-95.76	-1.89
-80.93	-93.63	-3.91
-50.42	-88.20	-9.70
-27.59	-77.70	-15.38
-10.86	-64.03	-19.65
1.71	-48.10	-25.27
11.41	-29.72	-35.77
18.74	-11.47	-51.03
22.52	4.03	-66.71
22.83	17.33	-78.25
22.28	29.85	-85.08
24.48	42.72	-88.56
32.84	57.74	-88.75
49.80	78.19	-84.84
76.23	105.04	-77.94
109.01	134.46	-69.89
143.62	161.68	-63.11
177.98	183.90	-60.00
210.14	199.04	-59.02
240.42	208.56	-56.52
273.80	217.22	-51.45
312.81	226.32	-45.10
348.21	232.24	-40.41
357.48	228.33	-38.82
322.45	207.09	-35.03
159.36	119.75	-0.37
49.19	47.91	30.58
43.88	35.22	32.10
67.26	38.27	25.76
76.11	41.26	17.15
69.76	32.47	13.73
58.53	14.59	12.63
13.18	-31.25	24.29
-22.89	-45.04	38.94
-62.93	-50.96	53.89
-94.42	-56.58	61.65
-112.61	-67.26	62.81
-121.15	-79.04	65.12
-124.45	-86.55	73.49
-124.27	-89.66	83.19
-118.84	-91.06	86.67
-104.74	-90.64	83.31
-86.30	-86.24	76.48
-70.19	-78.61	69.76
-61.65	-79.83	68.85
-68.79	-96.13	72.45
-89.78	-114.20	68.54
-113.71	-122.31	50.96
-159.36	-122.31	11.23
-172.55	-123.96	4.33
-171.69	-124.57	4.64
-160.58	-121.34	10.07
-143.43	-115.60	19.04
-122.86	-110.84	28.63
-101.93	-108.76	36.32
-83.19	-107.36	40.65
-69.09	-103.82	40.95
-66.77	-97.90	28.93
-75.32	-100.28	18.74
-84.84	-103.88	10.99
-93.93	-106.02	7.87
-101.26	-106.63	7.39
-103.52	-106.63	7.87
-65.49	-93.51	12.57
-51.88	-81.30	13.92
-44.68	-69.64	13.00
-42.36	-63.66	8.18
-42.97	-64.76	0.55
-48.10	-70.80	-6.59
-57.43	-77.94	-10.38
-65.98	-81.85	-10.50
-69.40	-80.44	-9.09
-67.93	-73.79	-8.00
-64.58	-64.58	-7.57
-60.30	-57.01	-7.75
-49.74	-52.37	-13.55
-50.60	-48.10	-14.10
-48.52	-39.37	-12.02
-41.81	-29.91	-9.70
-30.40	-23.93	-9.22
-31.07	-24.23	-8.91
-37.35	-24.66	-7.81
-47.55	-25.82	-7.81
-59.20	-28.75	-9.77
-65.98	-32.71	-11.11
-61.71	-34.24	-9.46
-33.26	-24.29	-3.48
-22.22	-17.70	-1.83
-18.62	-12.39	-0.31
-22.77	-9.58	1.71
-30.03	-9.03	3.97
-33.45	-9.09	4.03
-31.49	-9.77	0.61
-29.66	-12.39	-3.36
-31.49	-16.24	-5.00
-35.34	-19.59	-4.88
-38.27	-21.85	-4.52
-39.61	-23.32	-3.54
-41.20	-23.56	-0.31
-49.87	-20.87	6.23
-51.76	-17.64	5.62
-50.05	-13.49	3.66
-47.42	-11.47	1.40
-46.14	-13.79	-1.04
-46.08	-19.35	-3.11
-47.30	-25.02	-4.27
-50.66	-28.69	-4.21
-56.09	-29.97	-3.05
-60.42	-29.17	-2.38
-59.57	-26.61	-3.78
-53.89	-22.58	-6.04
-46.20	-18.43	-7.75
-37.29	-15.14	-9.28
-28.63	-12.94	-10.62
-22.09	-11.90	-10.44
-18.62	-11.35	-7.93
-18.31	-11.23	-4.46
-20.87	-12.82	-2.14
-25.02	-16.60	-1.22
-28.08	-20.69	-1.04
-28.02	-23.01	-1.10
-24.11	-24.66	0.79
-20.20	-24.84	0.98
-13.00	-23.62	-0.12
-3.23	-20.51	-2.14
7.63	-15.99	-5.19
17.88	-11.11	-8.06
26.12	-6.41	-9.28
32.53	-1.53	-9.77
37.11	3.72	-10.56
38.27	9.52	-11.29
36.62	15.38	-11.47
36.32	20.63	-10.93
41.08	25.70	-10.74
51.88	30.64	-11.84
66.83	34.67	-13.61
85.69	39.06	-15.75
108.89	45.78	-19.23
158.87	67.38	-30.15
163.33	70.80	-30.21
166.14	73.79	-30.03
169.74	78.12	-31.01
176.27	83.86	-34.06
186.89	89.48	-39.43
198.97	94.30	-44.68
209.90	99.30	-47.12
220.46	105.47	-47.24
253.97	137.21	-40.95
272.03	147.16	-29.17
285.22	150.63	-27.59
301.94	155.88	-31.80
313.17	159.97	-37.35
310.49	157.59	-36.87
294.25	146.36	-28.44
272.03	128.66	-20.20
250.73	110.66	-18.49
231.38	96.56	-21.48
213.50	85.75	-24.35
195.25	75.93	-24.66
161.87	65.19	-24.35
115.11	54.26	-25.82
96.80	47.55	-26.00
110.17	45.47	-22.58
119.14	44.37	-18.13
127.99	48.58	-17.46
89.60	38.09	-8.24
85.08	39.31	-8.06
81.42	40.22	-5.98
77.27	40.22	-2.44
72.45	40.77	-0.06
66.16	40.59	-0.43
30.64	22.16	-1.10
16.78	15.20	4.33
4.27	10.56	11.05
-3.42	8.36	17.33
-1.04	8.79	21.36
10.50	12.08	22.34
24.35	16.30	21.55
33.08	19.17	21.00
33.14	19.17	21.24
25.15	16.11	21.97
11.60	10.62	22.64
-5.19	3.72	23.13
-26.18	-4.46	23.74
-54.20	-14.40	25.39
-134.22	-38.02	34.67
-179.99	-51.70	41.26
-226.75	-66.77	47.79
-275.33	-83.37	54.81
-330.08	-102.84	64.45
-398.01	-125.85	79.16
-476.81	-149.78	98.63
-550.90	-170.47	119.38
-601.01	-185.00	136.41
-617.68	-192.08	146.42
-607.48	-193.24	148.32
-582.40	-190.86	141.60
-543.03	-185.73	127.20
-483.03	-178.34	109.56
-417.85	-170.84	94.91
-370.06	-165.65	87.83
-340.70	-162.05	86.36
-318.66	-156.25	85.21
-293.21	-147.09	82.58
-265.56	-136.11	79.35
-239.26	-124.27	76.97
-208.98	-110.96	73.85
-170.96	-95.46	67.44
-130.25	-79.04	59.33
-98.33	-64.03	52.55
-82.15	-52.80	47.55
-77.15	-46.33	43.70
-71.78	-44.01	41.56
-55.42	-42.72	42.18
-29.91	-38.21	43.46
-5.25	-31.62	41.93
13.37	-26.79	37.05
27.83	-22.28	24.60
39.12	-16.85	18.43
61.89	-15.75	17.33
80.69	-13.92	13.31
89.78	-3.85	12.02
94.67	3.11	10.07
102.48	8.91	5.68
112.49	12.63	2.08
125.12	15.62	1.77
138.73	20.02	3.54
150.45	25.57	4.94
156.37	30.94	5.80
153.69	36.68	7.32
146.12	43.15	8.12
139.34	49.74	5.92
136.23	55.24	1.71
136.35	57.56	-1.10
138.37	56.88	-0.98
141.91	54.32	-0.18
145.02	50.17	-1.34
148.74	39.49	-10.99
149.17	34.97	-14.95
149.78	33.63	-18.37
154.17	38.51	-20.87
159.06	45.17	-22.58
164.00	48.10	-26.55
172.30	49.32	-33.51
203.55	57.01	-56.58
227.36	66.16	-69.70
251.10	78.80	-74.04
268.98	90.64	-69.15
282.71	99.85	-64.64
287.96	106.14	-63.05
280.58	109.50	-58.53
267.88	112.37	-48.95
258.36	115.42	-38.02
257.08	116.64	-28.63
263.43	116.88	-20.57
274.23	119.69	-12.21
287.60	128.23	-1.34
300.90	142.64	11.66
306.95	158.87	23.80
296.87	173.65	33.45
279.17	186.04	38.64
268.92	196.47	38.33
271.24	207.21	28.56
218.87	170.17	28.20
180.30	143.55	31.31
149.48	119.93	33.87
128.17	98.27	36.07
113.83	78.43	37.66
105.77	63.11	38.64
101.14	55.42	39.92
96.01	55.30	41.69
86.12	56.64	42.11
68.79	51.51	39.61
46.14	37.84	34.73
21.48	20.08	29.66
-5.19	2.62	26.55
-35.10	-14.53	25.39
-118.35	-58.53	27.04
-179.26	-84.29	32.17
-252.26	-107.85	40.04
-332.40	-130.43	49.50
-416.32	-155.52	61.16
-582.70	-210.33	96.37
-642.88	-231.45	116.58
-677.98	-244.38	134.89
-684.81	-248.11	149.66
-662.84	-242.37	158.02
-620.12	-230.35	157.47
-558.35	-214.29	147.52
-483.70	-196.35	130.07
-416.87	-180.48	109.86
-365.60	-167.79	92.59
-326.54	-157.29	80.87
-296.81	-147.28	72.88
-271.55	-137.39	66.16
-244.87	-126.77	60.30
-213.93	-112.92	56.70
-125.24	-85.33	54.87
-88.68	-73.43	42.72
-62.26	-65.86	27.95
-48.34	-62.19	20.32
-47.00	-59.33	21.61
-53.65	-55.48	25.39
-59.02	-51.45	23.25
-62.01	-48.71	18.62
-64.39	-46.87	21.97
-46.87	-38.51	55.97
-31.01	-36.87	58.47
-19.53	-35.40	55.30
-14.40	-33.08	50.05
-14.77	-29.60	45.35
-15.14	-25.76	41.63
-10.50	-22.28	38.27
1.34	-19.10	35.40
19.53	-16.54	32.90
39.12	-14.28	29.85
54.14	-12.02	25.76
63.72	-9.95	21.36
81.12	-9.22	13.24
104.37	-12.82	5.13
117.19	-12.21	-0.98
115.91	-8.73	-2.99
114.81	-3.42	-3.54
121.95	3.85	-5.62
132.57	10.31	-13.73
138.61	11.11	-20.87
145.87	10.56	-15.81
157.23	14.71	-4.76
167.97	19.23	1.10
175.42	19.71	1.28
180.30	18.37	-0.55
183.35	18.74	-2.20
183.59	21.61	-2.32
186.65	27.22	-0.79
198.67	35.46	1.59
214.48	44.07	4.52
222.96	50.23	8.30
219.36	54.26	12.63
209.05	57.07	15.32
183.72	56.58	8.61
166.93	53.10	-13.67
172.67	54.93	-25.63
184.75	56.46	-37.11
198.79	55.05	-48.22
214.90	51.70	-57.37
231.08	50.23	-63.29
240.72	56.15	-63.72
240.36	72.81	-56.88
226.26	96.13	-47.73
195.62	121.15	-40.22
171.69	139.10	-29.48
170.41	147.03	-12.63
175.66	156.25	0.49
179.63	164.37	1.16
186.28	166.99	-3.30
195.07	164.61	-2.32
197.81	155.03	4.64
177.86	137.63	12.21
163.39	140.62	8.36
184.88	147.95	4.64
207.64	160.03	2.38
194.95	154.36	7.51
137.94	120.73	23.80
103.15	98.94	32.41
3.05	30.40	54.44
-57.43	-3.85	54.02
-89.72	-17.15	48.52
-125.37	-29.24	43.15
-156.01	-40.47	39.86
-179.38	-50.54	38.82
-205.14	-61.95	40.65
-242.80	-77.64	46.63
-292.36	-96.19	56.40
-346.37	-116.64	68.24
-461.12	-161.07	92.22
-519.53	-181.76	102.42
-563.48	-196.59	110.05
-578.74	-201.72	113.77
-557.31	-195.98	113.04
-441.22	-164.73	99.30
-380.98	-149.17	90.21
-336.24	-138.98	82.70
-307.68	-132.20	78.06
-286.62	-126.10	75.01
-249.08	-112.49	70.25
-239.69	-103.52	67.87
-230.65	-93.26	64.58
-214.42	-84.72	60.12
-190.19	-78.37	54.81
-134.83	-62.26	45.10
-112.06	-50.35	43.21
-97.47	-41.93	43.21
-93.02	-38.70	42.24
-99.37	-38.33	40.65
-102.78	-42.30	40.04
-92.65	-47.67	37.54
-76.66	-48.22	31.92
-63.84	-44.62	28.63
-55.54	-40.22	31.62
-48.10	-37.17	37.84
-39.79	-36.32	45.29
-31.62	-36.19	52.67
-15.75	-34.12	42.18
-8.67	-32.41	34.91
-0.98	-29.66	29.91
6.23	-26.67	27.04
13.00	-23.93	26.37
20.81	-21.30	27.28
30.27	-18.74	28.20
46.51	-14.28	26.79
52.06	-13.12	24.60
57.43	-11.90	22.34
63.11	-9.77	20.08
68.73	-8.24	16.11
73.79	-8.18	8.91
81.05	-7.02	4.39
93.87	-1.16	7.08
110.11	6.35	8.97
125.37	9.70	5.68
149.66	15.93	7.93
169.01	34.18	5.86
178.28	44.13	2.56
190.61	54.69	0.92
204.77	65.43	-0.24
224.55	82.28	-5.25
231.51	86.91	-9.16
239.50	90.21	-12.76
243.16	94.91	-15.08
239.69	100.77	-16.17
236.08	102.66	-18.13
232.48	101.68	-20.81
223.39	102.36	-23.01
212.52	103.70	-26.37
201.78	98.21	-35.03
190.80	90.88	-29.91
135.31	95.15	-13.67
93.63	123.96	-29.36
135.74	150.45	-39.92
161.87	135.13	-35.95
158.02	125.49	-27.89
145.94	132.14	-15.81
128.85	144.78	-3.60
110.17	141.97	4.27
91.49	127.38	7.75
72.94	114.87	7.81
57.50	106.87	5.49
49.44	103.58	1.89
49.99	104.31	-2.50
53.34	103.70	-7.57
49.99	96.62	-13.18
33.33	82.70	-18.31
7.14	65.73	-21.55
-18.68	50.54	-22.83
-39.86	39.37	-23.32
-54.81	31.31	-22.95
-57.07	24.78	-20.81
-50.11	19.10	-16.36
-47.30	11.90	-10.50
-52.73	2.81	-4.52
-72.75	-10.25	4.46
-84.59	-10.99	8.18
-98.82	-7.81	12.57
-109.56	-0.18	16.36
-97.90	24.54	12.02
-76.90	36.38	5.49
-50.48	44.80	-1.40
-26.18	49.62	-7.45
-12.82	50.29	-9.70
