-21.79	-18.98	9.52
-23.38	-20.02	10.50
-25.27	-21.18	11.60
-29.66	-23.38	13.31
-29.24	-23.07	13.24
-26.31	-21.73	12.82
-22.40	-20.51	12.39
-19.59	-20.69	12.27
-19.23	-22.71	12.94
-21.67	-26.43	14.71
-27.47	-32.04	17.64
-36.44	-39.12	21.24
-47.49	-46.81	25.09
-59.33	-55.11	29.11
-71.23	-64.76	34.00
-84.23	-76.23	39.98
-119.81	-97.47	52.31
-140.38	-102.29	57.37
-156.31	-103.64	61.89
-162.29	-104.06	65.73
-158.02	-105.47	68.85
-146.36	-108.95	71.23
-132.14	-113.83	72.63
-120.67	-117.19	71.47
-115.42	-117.31	66.71
-117.49	-117.31	59.69
-126.40	-121.40	52.92
-140.99	-131.23	49.26
-157.35	-145.26	48.95
-167.11	-159.79	48.77
-164.86	-169.43	44.74
-152.95	-169.74	35.77
-135.62	-160.71	23.32
-116.33	-146.85	10.13
-98.57	-132.93	-0.61
-83.68	-119.38	-9.52
-70.56	-105.65	-19.47
-57.68	-92.10	-31.19
-43.95	-79.35	-42.72
-30.09	-68.42	-51.76
-17.88	-59.39	-57.62
-8.24	-50.78	-63.35
6.10	-22.46	-85.82
12.51	-1.22	-97.72
20.20	21.73	-104.92
29.66	44.43	-106.81
42.05	67.63	-105.41
61.71	93.44	-104.00
93.51	124.57	-103.64
136.54	161.01	-102.97
182.62	199.46	-101.56
220.52	234.13	-98.88
245.67	256.59	-92.77
260.44	259.83	-82.95
268.74	245.67	-71.90
274.54	222.60	-62.68
280.76	199.65	-55.66
288.82	185.30	-49.87
293.52	181.21	-41.69
286.87	178.16	-30.21
274.17	163.94	-20.75
268.37	132.93	-19.35
260.07	95.40	-21.12
221.80	68.91	-10.74
156.01	55.24	13.55
92.83	41.14	37.35
46.57	20.63	53.10
13.98	0.55	62.62
-22.34	-22.83	72.14
-34.06	-31.01	75.50
-41.87	-37.05	77.70
-44.19	-41.38	77.15
-44.86	-46.69	74.10
-57.98	-64.82	65.49
-67.32	-72.27	60.06
-75.99	-76.29	57.25
-89.29	-81.91	62.68
-105.90	-89.05	74.34
-116.21	-94.24	82.52
-117.19	-98.51	81.73
-113.59	-104.13	74.52
-109.86	-111.21	65.31
-105.41	-116.27	55.24
-100.04	-116.94	44.43
-99.12	-116.09	35.22
-108.22	-119.14	30.46
-128.42	-127.14	29.85
-151.79	-135.74	32.04
-162.66	-141.42	36.19
-157.47	-144.65	39.25
-145.26	-145.08	37.90
-131.29	-142.76	33.14
-116.52	-139.34	27.95
-93.02	-127.69	6.53
-89.05	-121.03	-0.61
-84.66	-109.62	-2.20
-80.26	-96.62	1.83
-76.72	-85.94	8.36
-74.28	-78.12	14.28
-71.90	-71.23	17.58
-68.97	-63.90	17.21
-65.98	-57.86	13.73
-63.11	-55.11	8.91
-61.04	-55.66	5.25
-60.55	-57.68	3.78
-61.40	-59.14	3.30
-62.07	-58.90	2.38
-60.73	-56.40	1.53
-57.31	-50.35	1.77
-52.43	-40.95	2.44
-45.04	-31.43	1.59
-35.64	-24.78	-2.32
-27.83	-22.09	-7.51
-23.25	-22.95	-9.46
-20.51	-23.86	-7.20
-16.05	-21.24	-4.52
-13.00	-21.73	-6.65
-8.00	-24.11	-9.58
-1.10	-26.49	-13.31
14.10	-24.84	-19.84
14.77	-19.29	-15.69
12.02	-14.95	-11.41
6.04	-14.34	-8.36
-1.46	-15.08	-5.13
-9.46	-13.24	-0.49
-18.19	-8.79	5.31
-27.83	-4.21	11.17
-35.46	-1.40	15.81
-36.44	-0.73	17.21
-29.72	-0.92	14.65
-19.53	-1.59	9.16
-11.17	-3.05	4.09
-7.02	-4.70	1.77
-6.84	-5.80	1.16
-10.19	-6.29	1.40
-18.37	-5.92	0.61
-18.37	-8.24	-2.08
-16.30	-11.90	-5.25
-14.16	-16.30	-8.12
-13.73	-21.36	-10.50
-15.75	-26.18	-13.18
-19.65	-29.54	-16.24
-23.68	-31.19	-17.03
-26.61	-31.31	-13.55
-28.63	-30.40	-8.36
-29.60	-28.93	-4.64
-26.86	-24.60	-4.21
-28.44	-25.88	-5.92
-30.40	-28.38	-7.14
-30.88	-29.72	-8.00
-32.10	-30.27	-8.12
-36.68	-30.64	-7.14
-43.15	-29.97	-5.98
-45.72	-28.32	-1.77
-43.03	-27.83	-0.85
-41.20	-26.98	-1.34
-39.92	-26.49	-2.50
-33.20	-24.72	-4.58
-27.16	-22.64	-5.07
-21.85	-19.53	-4.39
-17.64	-15.81	-2.56
-13.61	-12.82	-0.73
-8.42	-11.23	-0.43
-1.28	-10.44	-2.01
14.59	-10.19	-8.12
21.67	-10.07	-11.66
28.63	-8.48	-15.50
35.77	-3.42	-18.43
42.91	5.00	-19.41
50.66	14.47	-18.74
73.91	28.99	-16.54
110.23	40.65	-20.81
147.46	62.50	-28.99
149.17	69.46	-27.59
152.22	76.84	-29.97
162.35	86.85	-32.90
174.44	97.90	-31.74
189.21	103.58	-29.97
208.01	102.29	-33.02
223.63	99.12	-38.57
229.80	104.25	-43.21
202.58	103.45	-35.89
215.03	107.54	-33.14
225.65	109.56	-29.72
235.35	112.55	-24.78
241.27	115.97	-18.49
243.53	120.36	-11.23
246.95	126.71	-5.80
252.20	133.85	-4.46
254.70	138.85	-7.26
249.21	137.02	-11.90
220.46	116.70	-15.32
158.75	68.12	1.16
135.31	46.87	11.84
100.95	20.51	21.97
82.64	12.27	24.66
53.41	2.99	27.83
14.28	-4.21	28.26
-38.45	-11.72	25.88
-103.76	-23.19	25.70
-157.17	-34.97	33.08
-187.93	-43.76	45.17
-209.66	-51.70	55.54
-230.04	-59.20	62.26
-245.24	-63.90	66.71
-256.53	-66.96	68.42
-310.73	-84.53	69.95
-358.52	-100.16	76.54
-411.38	-116.21	85.63
-458.07	-129.64	94.54
-490.60	-139.77	102.05
-506.53	-147.89	108.22
-507.39	-154.72	112.73
-498.41	-158.87	114.50
-483.52	-158.81	113.46
-465.52	-155.15	111.39
-448.79	-149.54	110.11
-391.72	-132.81	109.07
-345.46	-121.89	106.51
-297.00	-109.99	101.93
-250.12	-98.57	96.07
-206.54	-88.62	88.75
-151.79	-75.74	73.55
-131.41	-70.62	67.57
-106.99	-63.29	60.85
-78.25	-53.96	53.77
-47.18	-45.53	47.24
-1.83	-36.74	36.56
12.76	-33.94	30.94
26.18	-31.92	26.43
40.47	-31.62	26.06
57.86	-31.92	27.95
76.29	-30.46	27.34
90.15	-26.61	23.80
97.60	-21.85	18.92
98.39	-17.03	14.47
96.31	-11.84	12.33
98.27	-6.35	11.84
109.92	-2.75	11.05
130.19	-1.77	9.58
149.72	-1.83	8.06
161.68	-1.89	6.96
165.28	-0.24	7.69
165.59	5.43	10.38
166.14	13.61	10.56
162.35	18.37	4.46
151.73	16.54	-4.03
138.37	10.56	-10.07
118.84	3.66	-9.58
107.24	11.60	3.78
102.11	15.38	11.23
97.84	26.12	24.72
104.37	36.38	28.81
133.79	56.95	22.71
143.31	62.01	12.45
146.24	64.82	0.37
140.93	73.06	-18.07
141.97	77.45	-27.40
146.12	83.92	-35.64
149.29	89.11	-39.67
153.81	89.90	-40.53
163.02	91.49	-41.87
174.56	97.66	-45.17
182.25	109.01	-47.91
180.54	126.28	-46.14
166.08	147.16	-41.56
142.33	164.06	-42.91
137.70	169.56	-57.19
162.66	164.86	-81.91
192.44	156.92	-107.24
211.06	147.46	-118.84
215.64	137.21	-105.83
212.77	130.55	-74.71
213.75	130.25	-44.13
223.39	139.83	-22.16
222.11	154.48	-23.01
212.04	148.68	-16.54
198.55	140.50	-10.31
184.88	134.64	-4.52
177.19	131.41	-0.98
175.78	128.72	0.43
175.72	124.69	1.65
171.81	118.41	3.23
159.85	110.29	4.39
139.71	100.95	5.98
114.62	89.48	9.95
89.48	72.69	15.87
67.50	49.44	21.12
49.26	24.41	24.05
32.41	4.94	26.00
13.31	-5.55	29.66
-10.62	-10.80	35.16
-43.76	-17.76	41.56
-89.29	-31.62	49.01
-146.67	-54.93	55.36
-213.38	-86.36	58.17
-283.57	-120.36	60.73
-353.09	-151.25	69.58
-423.40	-175.54	87.10
-493.10	-193.12	110.41
-557.68	-204.83	133.42
-612.37	-211.43	151.00
-644.90	-213.62	163.57
-571.11	-195.98	172.61
-512.94	-184.94	161.56
-448.00	-172.61	147.46
-389.28	-159.79	133.91
-343.63	-148.01	122.62
-283.02	-124.21	107.42
-259.40	-111.21	102.84
-234.74	-98.94	99.67
-205.69	-86.79	95.03
-171.08	-74.52	87.52
-135.31	-63.11	78.19
-104.06	-53.41	69.27
-82.09	-45.65	62.26
-71.78	-39.79	57.62
-69.52	-34.30	54.75
-70.37	-28.63	52.73
-70.86	-24.90	51.21
-68.12	-24.90	49.74
-62.07	-27.28	47.36
-55.66	-30.64	44.19
-37.78	-41.32	28.14
-23.56	-26.12	32.96
-10.01	-13.12	37.84
0.67	-10.74	38.76
8.67	-10.80	37.29
24.90	-3.78	28.81
30.33	0.06	23.99
34.91	1.77	20.14
40.47	1.89	17.15
46.14	1.77	14.47
51.09	0.92	12.57
57.19	-0.49	12.15
65.00	-1.46	12.39
71.29	-2.14	12.70
74.40	-3.42	13.24
76.35	-5.68	13.79
78.31	-8.42	13.98
80.81	-10.01	14.22
108.09	-11.35	-1.53
111.45	-15.56	-4.88
122.80	-10.25	5.98
141.78	0.31	14.95
157.04	6.16	16.48
164.31	6.90	15.87
170.29	7.81	15.14
179.02	11.54	13.55
189.58	18.37	11.66
203.43	28.81	10.19
221.74	42.30	8.61
240.48	55.54	6.96
254.27	66.41	4.46
259.40	75.44	-0.55
253.60	81.24	-7.81
234.37	83.01	-21.91
221.98	83.56	-34.36
215.82	84.05	-41.20
211.12	82.03	-48.16
210.94	77.51	-55.91
214.97	72.51	-64.76
218.87	68.66	-73.18
218.02	71.35	-75.32
218.44	77.58	-69.09
227.23	79.35	-60.79
230.41	84.29	-53.16
217.53	100.34	-43.46
194.76	124.27	-30.94
171.20	147.77	-21.00
154.60	164.43	-17.40
147.95	175.72	-17.64
156.62	186.65	-20.75
185.42	198.30	-26.25
224.98	207.03	-31.31
257.20	209.84	-34.12
272.46	206.36	-34.97
269.65	198.79	-33.63
249.63	190.43	-28.20
220.52	181.70	-18.80
194.21	170.96	-8.36
160.77	144.84	6.35
151.92	129.58	9.83
143.86	113.10	12.33
121.64	84.53	20.39
94.97	60.61	30.88
68.48	48.10	33.69
32.23	34.91	34.42
-6.90	23.13	33.63
-43.58	12.27	32.47
-73.85	-0.92	30.88
-100.83	-18.55	28.63
-132.87	-40.83	28.93
-176.82	-66.47	34.79
-236.45	-92.83	44.31
-309.94	-119.26	54.87
-393.43	-147.22	67.93
-481.99	-176.09	85.75
-630.07	-222.47	129.15
-667.85	-233.28	147.83
-674.56	-233.22	160.83
-644.23	-221.68	163.94
-574.34	-202.88	154.17
-385.93	-164.61	109.19
-313.54	-148.32	87.46
-267.88	-134.28	73.73
-245.42	-122.62	68.85
-237.92	-111.88	69.89
-177.12	-60.91	63.11
-146.06	-49.62	56.58
-119.63	-41.14	52.12
-101.50	-36.62	50.11
-88.93	-34.79	49.56
-77.70	-32.78	49.68
-64.39	-23.07	49.56
-83.98	-21.12	48.22
-94.91	-28.44	46.69
-89.97	-37.35	45.17
-75.99	-40.22	49.50
-55.60	-36.32	59.33
22.83	-24.72	43.21
27.16	-23.44	35.34
35.16	-21.06	30.94
48.89	-18.98	29.24
65.92	-16.78	28.75
86.49	-14.04	28.38
109.19	-11.96	26.67
130.00	-10.01	23.62
150.02	-6.90	20.08
191.22	1.34	7.69
202.09	4.03	0.24
204.04	4.82	-3.72
191.47	5.13	-8.61
178.41	24.78	5.49
218.51	57.50	-8.67
207.09	85.82	-8.42
230.04	98.63	-8.79
253.48	104.92	-14.10
270.08	109.31	-21.85
278.63	111.08	-30.82
277.95	110.53	-38.09
264.83	107.79	-39.67
233.58	104.55	-33.14
185.18	102.48	-21.61
135.99	103.15	-12.21
101.20	106.69	-8.79
82.82	111.57	-10.50
82.34	115.97	-18.43
115.30	135.62	-31.92
113.59	142.82	-32.71
103.82	147.34	-26.61
88.87	155.88	-14.04
74.16	155.27	-2.38
59.57	139.04	5.86
39.06	121.03	10.38
17.76	110.05	10.86
8.91	103.82	10.99
6.59	94.97	12.88
-10.56	79.35	14.34
-54.57	58.23	12.21
-98.33	37.54	4.70
-113.59	25.45	-5.07
-115.54	23.25	-11.96
-115.54	22.95	-14.04
-108.52	19.23	-11.84
-95.95	14.83	-8.24
-82.89	15.69	-7.63
-68.85	24.11	-11.60
-54.50	35.52	-15.62
-44.13	41.99	-16.54
-39.67	40.71	-15.50
-41.44	34.06	-5.68
-45.65	34.42	0.73
-52.19	35.46	5.80
-62.68	34.61	8.85
-73.79	30.27	10.99
-78.55	23.74	14.16
-71.47	18.68	17.88
-54.08	18.98	20.02
-35.10	24.84	19.41
-17.76	32.65	16.11
