-2.81	-23.68	26.67
-2.81	-23.68	26.67
0.61	-28.93	30.33
4.88	-36.19	35.77
9.58	-44.86	41.38
13.06	-52.80	45.35
13.98	-57.92	46.39
12.27	-60.24	45.04
7.45	-61.52	43.52
-0.06	-64.15	43.03
-18.92	-78.00	40.71
-40.89	-95.83	34.36
-51.70	-102.11	30.09
-60.67	-106.32	24.17
-66.71	-108.40	16.24
-69.15	-108.58	6.23
-68.18	-107.42	-5.74
-63.48	-104.49	-19.41
-53.59	-99.06	-33.33
-38.27	-91.49	-44.98
-21.30	-82.03	-53.41
3.36	-55.97	-67.75
13.43	-40.28	-79.16
23.99	-23.93	-91.31
31.86	-7.32	-97.90
32.90	9.46	-96.50
26.55	26.86	-90.39
15.62	44.19	-83.74
0.37	75.38	-75.20
6.77	92.77	-74.16
22.46	115.17	-75.68
45.35	142.15	-78.06
73.24	169.62	-78.31
102.11	192.44	-72.75
131.41	207.58	-59.51
166.56	214.17	-41.87
206.91	213.68	-27.16
241.82	207.70	-18.25
259.28	197.51	-10.31
255.98	183.35	0.00
237.79	163.64	9.77
211.43	138.55	15.14
176.94	112.98	17.70
137.02	92.16	20.69
100.28	75.74	25.33
70.01	61.28	31.43
45.59	48.58	37.41
28.38	38.09	40.83
17.82	28.44	41.93
16.17	13.79	42.36
22.95	-8.30	41.56
21.12	-29.30	40.95
-4.88	-42.79	45.17
-46.69	-53.16	54.08
-84.59	-65.00	62.07
-108.95	-76.78	66.10
-121.09	-85.82	67.14
-126.40	-92.41	65.61
-128.17	-97.35	60.79
-122.80	-99.24	54.38
-110.53	-97.35	49.74
-99.67	-92.83	47.24
-68.85	-77.09	39.98
-60.12	-75.50	38.57
-58.90	-76.97	36.19
-64.03	-81.30	31.19
-73.91	-86.85	24.41
-87.83	-92.90	20.26
-105.35	-101.32	23.50
-121.95	-111.88	33.02
-132.81	-121.64	41.99
-138.61	-128.54	44.98
-142.94	-133.42	41.87
-144.65	-137.63	35.58
-141.42	-139.34	28.69
-140.01	-136.84	21.61
-143.43	-132.14	13.73
-146.79	-127.99	6.84
-148.25	-127.14	4.27
-144.53	-130.55	6.71
-134.83	-133.73	11.11
-133.00	-133.24	12.76
-138.49	-129.15	10.99
-123.35	-119.93	8.30
-69.82	-99.12	-1.95
-73.73	-97.17	-5.68
-87.59	-99.49	-4.03
-92.77	-100.34	2.87
-82.70	-95.15	11.47
-63.84	-82.46	17.76
-45.59	-67.57	19.47
-31.25	-58.59	16.17
-20.87	-56.95	9.40
-14.89	-59.02	1.22
-13.06	-61.65	-6.84
-15.56	-63.90	-14.59
-21.97	-65.86	-20.69
-28.20	-66.96	-21.79
-29.48	-65.00	-16.17
-25.33	-57.37	-8.12
-21.18	-44.49	-3.11
-18.68	-30.46	-3.30
-14.16	-20.14	-9.16
-8.24	-15.14	-17.15
-3.36	-13.12	-21.06
-0.49	-11.54	-18.19
-3.42	-14.16	-14.40
-8.42	-17.03	-9.46
-15.20	-17.88	-5.49
-22.95	-17.64	-2.87
-28.81	-17.27	-0.85
-29.91	-17.03	-0.43
-27.34	-16.54	-2.44
-25.88	-15.81	-5.19
-28.63	-15.81	-6.47
-34.12	-16.42	-7.26
-37.54	-16.05	-9.64
-36.87	-13.98	-12.63
-34.24	-12.94	-13.73
-32.10	-15.50	-12.76
-33.20	-24.41	-11.05
-35.28	-27.95	-12.45
-34.30	-30.03	-15.69
-28.99	-29.54	-19.47
-14.59	-23.68	-26.92
-8.61	-19.04	-31.25
-2.75	-11.05	-34.12
2.26	1.16	-33.87
8.97	15.38	-32.41
27.53	29.97	-35.89
64.09	47.06	-46.45
106.93	65.06	-51.51
170.84	86.18	-35.95
231.14	118.59	-48.52
258.24	137.33	-59.14
312.93	162.11	-49.50
356.08	176.70	-47.30
406.01	194.21	-42.11
448.24	207.64	-32.41
469.97	212.89	-21.00
472.60	213.13	-12.82
461.73	211.24	-8.30
436.40	205.08	-5.19
398.80	190.98	-3.23
351.20	166.44	-1.89
223.33	99.00	7.14
157.47	64.76	14.83
93.08	30.52	23.93
-36.01	-25.82	43.27
-138.85	-49.01	49.38
-187.93	-55.85	52.06
-239.01	-66.65	56.70
-286.01	-81.18	62.81
-325.44	-95.58	68.42
-366.09	-107.67	73.43
-472.78	-132.20	89.17
-525.70	-146.91	100.22
-562.44	-160.16	112.00
-572.20	-168.70	121.52
-553.41	-171.26	124.69
-518.98	-170.72	121.52
-419.25	-167.24	107.06
-370.73	-158.14	97.47
-330.75	-145.94	88.93
-301.94	-134.03	85.82
-276.06	-122.99	85.69
-245.06	-112.73	83.68
-163.70	-92.22	70.19
-132.75	-79.10	60.73
-101.07	-66.22	50.05
-63.72	-55.54	40.65
-29.72	-47.00	34.79
-5.07	-39.37	31.68
8.97	-32.41	29.79
8.00	-29.42	27.53
-4.09	-32.35	24.78
-11.41	-38.02	24.35
-6.59	-41.14	27.04
8.48	-39.86	29.66
30.33	-34.85	30.70
52.92	-26.98	30.52
68.91	-18.19	27.28
76.66	-11.23	20.94
79.96	-7.02	14.40
82.64	-4.94	9.58
87.83	-4.46	6.84
96.07	-5.00	5.98
106.69	-5.31	5.86
120.18	-3.48	6.04
136.23	0.61	7.08
149.29	7.69	10.07
152.34	19.17	14.95
147.40	33.39	17.70
155.40	43.03	13.06
180.85	44.37	3.72
200.13	42.05	-2.32
205.26	40.83	-2.08
205.14	42.66	1.89
208.56	47.36	6.53
213.93	53.41	9.22
215.52	59.08	7.75
211.43	63.17	2.81
203.49	65.98	-2.62
197.69	69.15	-8.30
202.27	73.91	-16.17
218.32	81.54	-25.76
232.54	90.21	-35.52
235.72	108.15	-48.71
235.78	124.57	-48.52
234.74	140.32	-46.81
235.17	153.56	-47.12
241.21	169.56	-49.99
254.58	189.58	-52.80
269.71	209.35	-51.76
277.34	224.73	-45.29
285.28	232.24	-36.99
297.12	233.58	-28.38
289.43	234.92	-15.32
254.03	237.12	0.67
228.82	233.76	13.79
227.23	217.04	23.74
213.38	188.54	31.01
176.45	154.79	32.04
134.83	118.71	25.94
101.26	82.34	18.01
74.95	53.77	14.65
58.35	41.93	17.09
51.57	45.53	21.97
43.82	53.28	26.61
24.48	52.31	28.20
-9.34	34.24	26.31
-53.83	4.39	24.84
-107.79	-24.90	27.53
-169.62	-48.77	34.61
-239.87	-71.66	45.78
-319.40	-98.08	60.97
-398.56	-126.46	79.77
-464.36	-151.18	99.98
-508.30	-168.82	117.74
-529.17	-180.24	128.85
-532.04	-187.68	133.91
-524.84	-192.50	136.23
-513.49	-194.40	137.21
-476.01	-186.28	134.77
-448.79	-176.88	132.14
-414.55	-167.54	126.77
-371.52	-158.39	118.35
-325.38	-147.34	108.89
-285.28	-133.79	100.40
-250.61	-119.57	94.12
-216.86	-106.75	88.87
-186.83	-95.95	83.68
-164.31	-86.00	78.19
-145.45	-75.74	71.17
-122.19	-65.37	63.11
-93.57	-54.87	56.70
-68.85	-45.59	51.51
-56.34	-41.20	41.99
-54.08	-41.14	32.04
-54.87	-36.50	33.87
-25.57	-20.45	51.39
3.05	-22.52	49.93
26.67	-26.67	44.19
41.20	-28.56	37.90
44.92	-27.95	33.26
38.09	-25.63	31.74
30.40	-22.46	32.41
33.87	-19.53	32.41
49.50	-17.40	30.64
88.20	-14.71	23.01
93.32	-15.75	13.55
88.50	-17.09	11.84
96.07	-10.25	14.16
97.66	-9.64	12.21
95.21	-16.05	5.37
92.04	-24.41	-1.28
89.90	-27.53	-1.46
92.59	-23.62	5.00
101.07	-16.30	13.12
114.26	-9.16	18.43
129.58	-3.17	19.29
144.35	2.87	16.36
158.63	11.05	12.57
174.68	21.73	10.99
190.61	32.59	12.76
204.53	42.85	16.91
223.02	54.75	19.71
250.43	69.03	17.64
279.97	83.01	11.41
301.64	93.14	3.85
304.81	98.02	-3.66
286.93	98.57	-11.78
256.29	97.11	-21.42
223.02	96.01	-33.33
198.49	94.97	-45.65
188.60	93.08	-52.37
183.78	89.36	-51.03
177.19	83.56	-48.95
174.80	80.93	-50.96
174.44	85.63	-51.21
167.42	95.70	-41.32
151.55	106.51	-23.38
133.00	112.98	-9.89
119.51	116.88	-9.52
114.75	123.96	-19.84
119.14	136.60	-34.91
128.23	152.34	-50.84
136.66	167.79	-65.43
139.65	178.28	-76.48
133.67	180.42	-80.02
128.17	173.71	-71.29
134.83	158.63	-50.78
152.28	140.14	-27.10
172.49	125.18	-8.73
187.01	112.73	8.67
176.51	110.78	13.18
136.84	104.06	22.03
109.56	94.30	25.82
35.89	59.02	36.19
-3.17	41.32	45.29
-81.18	9.34	60.73
-129.76	-9.40	63.66
-190.31	-32.23	65.06
-254.88	-57.98	66.53
-316.89	-84.53	68.73
-379.33	-110.60	73.67
-440.86	-134.09	82.89
-489.14	-152.77	93.81
-512.33	-165.47	102.36
-509.83	-171.39	107.54
-488.28	-170.29	109.99
-454.65	-163.88	110.23
-417.05	-154.97	108.95
-383.42	-145.63	106.75
-357.85	-136.23	104.13
-343.38	-125.61	102.05
-332.15	-115.17	102.05
-310.12	-106.93	101.93
-276.43	-99.79	98.45
-236.51	-93.69	91.92
-191.59	-89.48	84.72
-151.55	-85.51	79.47
-126.28	-70.37	66.59
-120.61	-56.09	56.21
-114.14	-50.17	54.14
-103.21	-45.17	52.98
-87.16	-41.50	52.37
-68.73	-38.02	49.32
-54.32	-33.94	43.27
-43.27	-29.24	39.06
-32.23	-24.11	39.86
-23.13	-19.59	42.60
-16.48	-16.54	44.74
-9.09	-15.44	47.30
0.18	-16.24	48.16
9.28	-18.98	44.62
17.33	-22.03	37.72
26.73	-23.38	30.21
40.16	-23.68	24.05
56.52	-23.56	19.47
72.88	-22.34	16.48
88.13	-19.71	14.83
116.64	-13.24	13.37
142.09	-5.37	6.16
171.81	1.59	-14.83
181.64	2.32	-7.02
191.59	3.85	1.10
206.24	5.68	2.08
226.20	7.69	-1.28
246.22	10.74	-3.66
257.87	16.30	-3.36
259.70	25.27	-0.12
260.93	36.99	5.31
269.65	49.87	10.25
283.57	60.67	13.12
289.12	66.53	14.10
277.53	67.44	13.67
254.03	65.73	11.84
228.76	63.90	9.22
210.51	64.39	7.57
207.09	67.44	6.90
214.23	70.31	5.62
217.04	72.20	3.48
196.53	72.81	-1.77
177.19	72.75	-2.62
156.31	73.55	-1.28
138.85	75.26	1.46
129.76	78.00	4.39
129.58	80.63	5.92
132.32	81.67	5.80
130.49	81.18	5.55
122.31	81.24	6.16
109.68	83.25	6.41
91.31	86.98	4.52
65.98	90.88	0.37
39.37	93.69	-4.33
24.17	95.28	-8.06
27.89	99.18	-8.48
39.12	106.32	-6.77
45.90	109.19	-8.36
51.70	113.71	-4.46
49.44	128.54	0.18
38.70	136.84	-1.71
23.74	133.54	-4.03
6.47	122.25	-2.99
-34.36	108.58	-2.32
