-6.71	-19.35	10.25
-9.09	-22.64	10.50
-12.45	-26.00	11.11
-16.11	-29.42	12.88
-25.88	-39.49	17.46
-31.80	-46.02	18.74
-38.33	-51.82	19.90
-45.84	-55.48	21.12
-53.16	-56.40	21.61
-57.13	-55.79	20.63
-56.03	-55.79	18.37
-51.45	-57.86	15.81
-46.51	-61.77	13.61
-42.66	-66.53	11.90
-39.73	-72.33	9.70
-43.82	-73.06	8.79
-52.55	-73.73	7.39
-63.48	-74.52	5.13
-72.20	-75.07	2.32
-72.81	-75.87	-2.50
-66.65	-76.60	-4.33
-58.41	-75.93	-7.20
-49.32	-72.20	-11.72
-41.02	-65.67	-17.27
-33.63	-58.35	-22.83
-28.08	-51.51	-27.59
-26.43	-38.70	-32.65
-27.16	-31.37	-34.85
-26.55	-22.28	-37.84
-25.02	-10.86	-39.92
-21.42	18.92	-37.17
-16.78	32.35	-35.95
-9.89	43.46	-35.89
-4.15	52.80	-36.68
-1.77	60.00	-38.88
-1.22	65.98	-42.30
0.98	71.84	-45.65
7.93	78.25	-47.73
19.59	86.36	-47.18
33.94	98.02	-43.70
50.78	113.46	-39.73
70.01	130.43	-37.72
89.72	146.24	-37.84
106.51	157.71	-37.72
127.26	162.17	-33.94
134.64	159.79	-31.43
143.07	155.21	-28.44
156.43	149.41	-26.67
165.65	143.43	-25.51
155.46	134.83	-20.26
129.09	120.36	-9.03
102.72	100.95	4.64
72.45	58.29	26.06
57.25	38.09	34.12
38.09	18.62	41.50
16.97	-1.46	49.32
-2.38	-22.64	57.01
-17.09	-42.60	62.01
-28.38	-57.50	64.03
-34.42	-64.51	64.82
-31.92	-61.83	63.66
-21.79	-52.19	59.81
-9.95	-42.66	57.92
-8.00	-39.06	62.99
-39.49	-51.57	71.84
-71.47	-72.08	62.87
-116.15	-99.00	55.18
-164.12	-123.47	58.53
-195.68	-140.56	69.40
-195.68	-157.17	85.27
-180.30	-158.51	86.79
-160.71	-155.15	86.12
-142.15	-148.80	85.45
-131.65	-142.03	83.98
-135.44	-137.08	77.82
-177.00	-140.62	52.31
-202.39	-147.89	45.17
-215.27	-154.36	47.12
-208.44	-157.04	54.08
-188.60	-156.07	59.75
-165.41	-152.95	60.00
-142.94	-148.56	55.66
-121.03	-142.21	50.84
-102.48	-133.30	46.57
-90.70	-125.37	40.71
-86.67	-122.19	33.02
-89.23	-125.12	18.13
-79.71	-116.39	19.23
-63.84	-103.33	22.40
-47.49	-90.33	24.78
-35.52	-80.51	23.86
-30.03	-75.13	18.62
-30.82	-72.81	1.40
-32.35	-70.13	-4.70
-30.58	-64.82	-6.10
-23.56	-58.11	-3.30
4.88	-47.42	2.69
25.70	-38.82	4.82
21.18	-37.05	2.14
12.45	-39.31	-1.89
8.48	-39.79	-3.66
12.15	-34.55	-3.36
18.07	-27.71	-3.42
19.41	-24.29	-4.58
14.40	-22.95	-5.37
6.84	-21.30	-5.31
1.10	-20.20	-5.55
0.18	-18.68	-8.00
-7.20	-15.32	-15.38
-12.27	-18.74	-18.31
-16.30	-24.11	-19.29
-18.13	-27.53	-17.33
-18.01	-27.95	-14.47
-17.58	-27.22	-12.57
-18.43	-26.43	-11.41
-20.94	-25.02	-9.70
-25.57	-22.52	-7.14
-31.56	-19.90	-4.82
-35.83	-18.86	-3.72
-34.91	-21.42	-3.91
-33.33	-23.93	-5.13
-34.00	-26.73	-5.07
-37.78	-27.34	-3.11
-43.21	-25.27	-0.61
-48.52	-22.46	1.16
-53.34	-21.30	2.32
-57.31	-22.16	3.91
-60.24	-23.44	5.86
-63.66	-26.31	7.08
-63.54	-28.26	6.96
-62.93	-28.99	7.81
-63.54	-27.53	9.28
-67.14	-25.27	11.41
-79.22	-22.28	16.24
-55.42	-17.40	9.77
-41.81	-16.36	8.61
-35.03	-16.30	10.13
-33.39	-16.66	11.90
-32.84	-15.99	11.23
-31.68	-15.08	7.93
-30.64	-15.50	4.27
-30.03	-21.91	0.12
-29.66	-27.04	-1.53
-30.15	-30.94	-3.72
-31.62	-32.59	-5.68
-28.93	-30.21	-13.49
-20.69	-27.95	-17.33
-14.40	-25.57	-20.14
-12.15	-23.56	-20.94
-10.31	-18.98	-19.04
-8.12	-15.81	-17.70
-5.68	-13.61	-16.24
-4.46	-12.45	-15.32
-4.03	-11.84	-14.65
-3.36	-12.15	-13.37
-2.87	-13.31	-12.15
-2.56	-14.95	-12.08
-1.04	-16.72	-13.43
1.77	-18.19	-16.11
3.97	-18.74	-19.59
4.58	-17.33	-22.71
11.72	-4.39	-28.02
24.78	6.41	-28.93
41.50	15.99	-26.25
54.32	22.09	-21.42
58.29	24.41	-20.63
55.66	24.84	-24.84
55.36	27.16	-29.30
76.60	41.20	-40.22
109.80	65.06	-52.43
129.88	76.66	-56.76
147.09	82.76	-59.81
156.62	83.56	-65.00
162.60	89.84	-77.15
162.48	106.02	-88.07
152.65	115.36	-85.82
143.13	108.89	-76.11
144.47	98.88	-70.68
159.42	92.96	-69.89
174.07	85.88	-65.43
173.89	75.07	-55.42
162.90	66.65	-46.39
153.02	66.22	-43.21
149.90	72.45	-44.62
153.56	80.75	-46.02
163.82	88.75	-45.23
182.07	96.56	-44.74
202.94	101.62	-45.29
215.09	100.40	-43.40
215.88	95.70	-38.39
214.66	99.24	-29.17
244.38	111.27	-31.19
271.12	115.17	-38.88
262.94	115.42	-43.09
240.05	112.85	-43.33
216.86	106.20	-35.16
203.98	98.02	-21.79
200.38	92.65	-9.95
198.24	91.37	-2.01
194.27	89.97	4.76
189.33	84.17	13.85
181.34	72.14	24.41
164.98	55.11	32.71
137.02	38.82	37.54
97.96	24.72	41.87
49.99	10.56	48.77
-53.53	-17.15	63.29
-99.55	-29.11	67.44
-138.92	-39.49	71.04
-171.45	-48.34	76.42
-194.76	-54.57	82.46
-211.85	-58.72	86.73
-232.79	-65.25	87.95
-265.87	-78.86	87.83
-312.44	-98.75	90.09
-367.19	-119.14	95.46
-459.90	-148.86	111.45
-478.82	-157.47	121.83
-474.12	-160.16	131.23
-443.91	-155.64	137.27
-387.45	-143.49	136.29
-240.84	-109.01	100.65
-237.85	-106.81	94.30
-239.75	-104.19	93.32
-231.02	-99.00	92.77
-207.34	-91.98	89.17
-176.94	-85.94	82.34
-151.06	-82.82	75.20
-134.40	-80.38	71.17
-122.92	-75.13	69.03
-110.11	-66.65	65.86
-95.95	-57.56	61.77
-77.76	-48.77	53.89
-73.18	-48.77	48.71
-65.12	-47.42	42.97
-52.43	-44.25	38.51
-39.43	-40.89	36.07
-30.40	-37.90	34.55
-27.28	-35.28	31.92
-31.37	-34.36	27.10
-39.55	-35.46	21.06
-39.86	-36.74	16.36
-25.09	-34.55	15.75
0.49	-26.49	19.04
29.24	-15.38	21.97
53.96	-5.49	21.12
63.17	5.49	12.82
60.36	6.47	14.10
66.22	6.84	15.32
100.59	5.80	12.15
116.33	7.51	8.24
126.34	14.28	5.19
129.09	22.46	3.91
125.37	27.16	3.85
121.28	29.30	4.58
117.43	30.46	5.98
116.52	30.64	7.02
126.95	31.56	6.65
149.17	38.82	4.94
173.16	54.14	2.08
187.07	64.70	-2.99
189.76	61.16	-9.28
186.10	51.27	-12.82
179.14	44.37	-12.82
171.26	41.75	-11.47
155.64	38.33	-8.48
136.60	34.24	-3.36
130.55	32.10	1.10
141.66	31.56	2.44
164.06	32.23	1.28
188.84	34.42	-1.53
207.34	38.94	-6.41
220.52	45.17	-15.75
226.99	50.54	-29.54
217.53	52.67	-43.88
199.65	53.89	-56.21
181.03	55.36	-75.01
230.65	109.62	-76.42
259.77	138.06	-78.67
297.91	166.14	-81.24
336.18	193.12	-76.78
362.79	215.64	-62.44
372.92	231.99	-44.62
363.40	240.97	-29.79
337.52	241.70	-17.58
308.72	235.23	-3.60
290.16	224.91	14.59
275.39	201.78	40.95
256.84	189.58	41.14
169.74	152.34	33.39
114.75	124.08	29.91
62.01	92.96	28.81
10.38	62.07	31.98
-88.50	9.22	47.06
-129.94	-12.45	53.04
-172.73	-32.65	57.37
-232.73	-53.28	62.74
-310.36	-75.50	70.62
-388.24	-98.45	79.53
-454.83	-122.99	88.62
-562.87	-172.18	119.08
-608.34	-188.05	142.58
-635.31	-193.30	165.34
-622.50	-188.11	178.59
-563.29	-174.62	174.50
-475.65	-157.53	153.26
-391.72	-143.01	125.98
-334.35	-131.41	106.69
-301.39	-118.65	101.99
-287.60	-103.76	107.60
-282.65	-90.09	111.82
-266.24	-80.32	108.58
-234.62	-73.36	100.52
-198.73	-66.47	90.33
-164.79	-59.27	77.70
-102.66	-44.74	52.31
-83.07	-36.93	46.26
-73.85	-30.70	44.01
-70.01	-27.04	43.40
-69.34	-25.88	42.91
-76.78	-33.33	36.25
-81.12	-40.34	32.59
-80.51	-43.33	35.10
-69.70	-40.16	39.49
-49.99	-33.69	41.69
-24.96	-27.16	40.28
-1.77	-23.13	35.89
14.47	-22.03	32.10
25.27	-21.97	30.70
33.63	-22.40	30.58
40.28	-22.77	30.88
46.33	-22.34	30.94
57.43	-22.34	29.91
101.87	-25.27	25.57
119.45	-24.96	23.86
124.51	-23.13	21.48
122.56	-20.69	15.56
121.28	-16.91	4.09
118.96	-12.15	-1.10
122.13	-7.26	8.24
148.25	-10.80	18.25
176.82	-11.17	6.16
196.17	18.80	5.55
202.39	31.43	8.30
223.14	55.24	12.27
235.66	65.61	11.35
250.92	75.01	5.80
258.12	80.75	-3.60
247.31	80.81	-13.37
196.96	66.28	-25.57
149.11	45.72	-20.87
115.23	21.67	-17.82
122.19	16.91	-28.02
124.33	14.65	-30.58
121.77	14.59	-30.09
114.44	20.87	-28.50
103.33	28.32	-30.70
96.19	28.26	-39.18
100.16	23.74	-49.44
116.88	22.89	-57.07
148.62	31.43	-60.85
191.65	51.33	-59.63
270.26	112.79	-54.38
175.17	101.93	-63.48
106.87	81.18	-70.19
75.87	57.31	-76.66
91.80	49.19	-84.41
130.68	68.18	-95.76
169.62	109.62	-103.45
198.73	161.50	-97.53
206.42	231.63	-40.41
161.80	159.12	16.85
154.17	107.97	23.93
175.42	94.67	17.46
191.47	118.84	20.57
200.07	136.47	26.86
193.54	137.39	32.41
177.31	126.53	36.13
155.46	106.08	40.65
150.70	99.37	44.62
137.57	89.60	51.76
64.21	57.80	64.03
9.28	39.49	63.48
-50.35	17.58	60.79
-118.29	-11.17	58.84
-198.97	-45.04	60.06
-290.10	-77.82	65.67
-385.86	-105.59	74.22
-474.49	-129.39	83.37
-625.85	-186.95	111.33
-642.76	-196.47	123.90
-636.84	-198.18	135.01
-608.40	-192.26	142.09
-563.48	-180.42	145.69
-512.39	-165.83	145.02
-464.60	-148.93	140.81
-423.58	-130.13	137.63
-388.37	-112.79	136.05
-350.65	-101.20	130.43
-270.87	-93.02	100.34
-237.12	-86.85	84.66
-211.91	-76.48	76.29
-190.80	-64.45	74.77
-169.19	-54.26	75.01
-144.96	-46.08	72.39
-118.47	-38.33	66.96
-96.25	-31.80	62.93
-84.11	-28.81	62.56
-77.94	-29.48	64.64
-69.09	-33.75	66.71
-66.59	-35.16	59.69
-65.37	-36.07	49.80
-65.92	-34.36	43.95
-61.95	-28.20	45.53
-49.32	-18.43	52.92
-29.24	-9.89	58.72
-6.96	-8.24	59.27
13.55	-13.18	57.13
28.69	-19.78	54.99
34.00	-23.74	53.22
16.11	-18.19	49.62
12.15	-14.59	48.77
25.21	-15.75	46.94
54.32	-20.08	42.97
91.00	-22.52	36.74
125.06	-19.65	28.87
146.24	-11.47	21.30
149.35	-0.12	16.11
139.34	10.80	14.95
129.21	17.33	17.03
129.15	17.33	19.10
162.90	6.77	14.89
196.59	10.50	3.85
203.43	18.01	0.79
207.03	24.72	-1.04
205.02	23.38	-2.44
160.58	19.29	16.24
146.85	25.39	17.03
151.79	24.41	12.02
160.34	25.27	8.06
159.67	33.81	10.01
153.56	44.80	13.61
149.29	52.61	13.61
149.05	56.15	8.91
151.55	57.74	1.95
158.26	60.42	-4.09
170.10	65.37	-8.06
180.42	70.92	-10.80
181.15	75.74	-13.98
173.83	80.02	-18.62
162.96	84.47	-23.99
132.32	96.98	-26.86
116.82	105.16	-23.25
102.97	112.92	-18.19
91.74	119.38	-13.61
83.37	125.92	-12.08
77.58	133.79	-14.40
74.71	141.91	-18.19
76.78	147.03	-20.45
83.19	147.52	-19.71
86.73	147.64	-14.47
80.63	154.91	-5.74
64.76	166.02	0.49
52.06	181.34	2.93
51.70	206.79	2.81
60.61	223.69	-2.62
70.31	217.04	-11.41
61.52	199.52	-20.51
-5.62	181.64	-34.42
-198.36	156.07	-64.88
-463.44	118.84	-113.53
-600.22	76.23	-156.68
-509.34	39.55	-164.61
-294.74	18.80	-130.49
-127.93	12.27	-74.58
-99.12	6.47	-16.66
