-2.62	-19.59	13.73
-2.62	-19.59	13.73
-1.16	-21.91	16.85
-0.49	-25.09	20.57
-2.20	-28.99	24.54
-15.50	-33.69	26.73
-21.30	-32.78	23.13
-22.89	-30.27	18.37
-21.24	-27.16	14.47
-17.70	-24.60	12.45
-12.39	-23.44	12.33
-6.23	-23.44	14.34
-1.40	-24.11	18.49
0.79	-25.57	23.44
0.73	-28.75	27.47
-8.79	-37.96	32.90
-26.31	-48.89	36.01
-26.92	-56.58	38.15
-27.47	-65.80	42.30
-28.69	-74.77	48.22
-30.21	-82.46	54.26
-34.24	-88.44	58.29
-43.52	-92.04	58.53
-57.50	-93.93	54.81
-73.12	-96.01	48.83
-87.34	-99.30	43.52
-97.41	-102.97	40.77
-102.54	-113.04	39.86
-99.61	-121.58	37.96
-96.37	-132.39	33.26
-96.07	-143.74	25.45
-100.89	-153.63	15.14
-110.05	-160.77	2.14
-118.59	-164.06	-15.32
-119.26	-162.90	-39.61
-106.57	-156.74	-69.64
-80.75	-142.33	-100.77
-46.39	-116.94	-127.32
-9.83	-82.95	-143.98
21.97	-45.17	-146.97
43.46	-6.59	-136.47
55.48	30.21	-119.26
64.27	62.32	-106.75
75.62	88.38	-108.03
89.78	110.11	-120.36
102.48	130.49	-130.19
115.54	153.69	-128.05
137.70	182.98	-117.49
175.05	218.87	-106.20
224.91	256.04	-98.08
273.01	283.26	-92.04
302.06	291.81	-84.53
305.85	284.42	-73.12
290.71	271.24	-58.96
249.94	242.61	-39.73
251.59	215.58	-35.40
250.73	179.57	-22.83
219.36	144.04	5.25
165.95	110.96	39.25
117.68	78.80	62.07
95.83	48.95	67.32
95.28	21.91	62.38
97.66	-4.88	55.66
96.19	-30.33	48.95
91.37	-50.78	41.99
83.13	-64.58	37.90
66.10	-73.49	41.32
29.24	-84.96	54.87
-27.40	-105.41	76.84
-88.38	-131.41	100.34
-139.77	-155.52	117.80
-180.54	-176.33	126.10
-216.49	-196.72	125.43
-250.73	-217.10	116.76
-282.84	-231.81	101.20
-317.32	-236.69	82.21
-351.26	-234.92	67.32
-361.94	-229.25	61.16
-336.36	-219.54	59.45
-286.93	-209.29	56.64
-232.67	-202.76	53.77
-184.88	-197.39	53.59
-144.71	-186.34	55.36
-112.49	-166.69	56.95
-90.39	-144.17	57.31
-78.43	-126.95	53.89
-75.56	-118.84	44.68
-77.76	-117.37	30.88
-76.48	-117.61	15.75
-67.26	-116.58	3.97
-54.81	-114.81	-1.10
-46.94	-112.30	-1.34
-49.07	-107.97	-0.61
-59.63	-101.14	0.12
-68.60	-91.37	0.73
-69.27	-79.65	0.18
-62.99	-70.19	-1.65
-53.59	-65.80	-2.62
-44.37	-62.38	-1.10
-35.28	-55.24	1.16
-25.82	-45.23	0.55
-19.90	-35.28	-4.03
-19.35	-27.10	-11.11
-22.22	-21.79	-18.07
-23.74	-18.43	-22.34
-21.24	-15.56	-23.68
-15.75	-13.12	-22.77
-8.18	-11.96	-20.45
3.91	-6.53	-11.54
6.10	-6.41	-10.74
5.68	-7.81	-10.74
2.01	-10.01	-10.50
-3.17	-11.35	-9.83
-7.20	-11.05	-9.58
-8.54	-10.44	-9.70
-7.45	-10.93	-8.97
-4.58	-11.96	-7.75
-0.12	-11.72	-7.02
4.33	-10.07	-6.41
4.88	-8.79	-5.00
-1.04	-9.09	-3.17
-11.23	-10.99	-1.95
-21.06	-13.18	-2.01
-28.02	-15.44	-2.75
-32.53	-18.49	-3.23
-37.17	-22.71	-2.50
-43.88	-26.98	0.00
-51.76	-29.97	3.97
-59.14	-31.86	8.24
-64.33	-32.84	11.84
-67.87	-32.59	14.34
-72.14	-32.35	15.56
-77.21	-33.57	15.01
-81.67	-36.62	12.08
-87.10	-44.92	5.07
-91.80	-48.65	5.92
-97.17	-50.84	8.00
-100.77	-50.66	9.77
-101.20	-47.73	12.33
-98.27	-43.09	15.50
-92.29	-40.16	17.64
-82.82	-39.31	16.97
-70.50	-37.72	12.27
-59.27	-34.67	5.43
-54.14	-32.29	-0.06
-55.48	-31.25	-2.38
-54.20	-29.91	-2.75
-43.76	-27.77	-3.30
-30.64	-25.63	-4.46
-21.91	-23.68	-5.49
-17.40	-21.61	-6.35
-13.12	-18.86	-7.63
-6.23	-15.08	-9.70
3.17	-10.56	-12.08
13.18	-5.98	-14.34
32.35	5.07	-19.17
52.19	23.07	-23.56
63.11	32.23	-27.89
79.22	39.67	-35.64
101.01	46.33	-43.82
123.78	53.59	-49.56
142.82	62.44	-52.86
156.74	72.63	-54.57
167.85	83.80	-56.70
178.96	95.09	-61.10
190.43	104.13	-67.08
199.34	110.05	-71.35
204.71	115.66	-71.72
211.24	124.51	-71.35
223.94	135.68	-73.36
275.70	152.40	-81.18
346.74	170.23	-78.98
375.00	178.10	-73.06
412.66	191.96	-61.71
446.47	197.75	-52.86
433.84	182.19	-45.59
396.85	164.86	-41.02
340.09	140.99	-33.26
266.54	112.12	-22.22
190.12	80.81	-8.97
119.93	48.22	5.49
59.33	17.33	19.96
10.86	-5.74	34.67
-25.02	-18.74	47.79
-48.28	-23.19	55.36
-63.11	-23.56	56.46
-74.89	-25.70	53.59
-88.81	-33.51	49.87
-112.37	-47.00	47.79
-153.81	-63.84	49.01
-211.98	-82.40	53.89
-278.44	-100.59	61.28
-347.23	-117.00	70.62
-415.22	-130.86	82.34
-475.83	-142.09	96.31
-518.98	-150.21	109.37
-541.44	-155.03	117.74
-545.96	-156.80	120.67
-534.30	-155.70	120.61
-507.63	-151.25	119.69
-467.90	-144.29	118.04
-413.88	-136.54	113.77
-348.75	-128.30	106.02
-253.91	-110.78	87.46
-223.27	-94.67	80.51
-196.96	-84.72	73.85
-160.95	-72.57	64.76
-119.81	-58.90	55.97
-80.87	-48.83	47.91
-36.74	-40.04	38.39
-26.67	-35.34	37.78
-22.95	-36.44	35.52
-29.79	-40.83	34.30
-35.03	-43.76	40.04
-25.45	-41.20	49.62
-3.54	-33.75	56.21
24.54	-26.92	55.42
57.13	-23.01	48.16
92.16	-19.35	38.39
122.80	-13.67	27.83
141.24	-5.86	18.07
149.23	2.81	12.02
154.60	9.58	10.25
164.37	12.27	10.13
182.25	11.41	9.16
204.47	9.16	7.39
243.90	9.64	2.62
256.53	13.98	-2.56
233.46	21.73	-14.10
184.81	27.16	-15.87
162.72	30.21	-14.47
151.98	33.26	-11.60
149.41	35.89	-7.81
146.36	39.31	-2.81
141.91	42.85	2.62
143.13	45.35	5.74
143.62	47.61	5.25
130.80	49.68	3.17
108.40	50.23	1.53
94.36	39.43	-1.95
96.31	34.30	-3.66
93.93	30.58	-5.25
85.75	27.34	-7.02
77.09	24.78	-10.93
77.51	24.66	-18.31
88.44	29.72	-28.38
107.24	38.39	-41.08
134.70	50.60	-54.93
166.14	65.98	-65.43
194.70	79.96	-73.06
221.25	92.83	-84.05
243.96	109.56	-98.08
239.62	131.84	-109.19
218.14	159.06	-115.17
233.46	183.65	-109.31
274.96	193.79	-85.75
299.19	188.90	-55.48
290.77	174.56	-16.48
287.41	172.61	-6.35
297.49	171.33	3.54
312.32	168.09	15.01
314.70	161.68	26.98
301.70	153.14	36.07
281.92	143.49	40.04
257.69	132.26	40.28
225.83	118.04	40.28
186.89	101.87	42.11
148.62	88.38	45.72
122.19	81.30	49.80
105.77	76.78	53.59
80.75	65.92	56.95
34.24	45.84	60.30
-28.02	21.97	63.42
-94.97	-0.18	66.04
-161.19	-20.81	68.48
-215.39	-40.65	71.11
-256.65	-60.30	73.12
-309.20	-83.13	75.26
-383.06	-110.90	79.41
-462.89	-141.17	86.73
-586.98	-194.03	108.46
-639.59	-212.77	123.05
-674.56	-226.50	141.36
-681.82	-232.60	160.52
-659.24	-229.68	176.76
-596.68	-218.51	190.80
-513.49	-199.89	203.31
-451.35	-175.35	206.67
-411.56	-151.67	194.15
-375.00	-134.95	167.85
-269.29	-115.17	109.44
-206.73	-103.82	88.93
-159.67	-89.97	76.05
-132.93	-75.62	69.27
-116.70	-62.62	63.42
-98.51	-52.37	52.00
-75.87	-46.81	35.64
-54.93	-45.96	25.94
-38.02	-44.74	30.64
-21.24	-38.27	42.79
-0.24	-20.87	51.57
-0.92	-15.99	48.65
2.62	-13.49	45.17
17.15	-13.92	41.69
39.49	-17.64	37.96
61.16	-23.44	33.63
78.67	-28.38	27.89
94.60	-29.66	20.69
108.40	-27.59	14.16
116.46	-25.33	10.01
114.99	-23.86	8.24
106.32	-22.52	7.69
104.55	-21.67	6.90
120.18	-20.63	4.76
154.42	-16.72	1.53
214.23	3.42	-17.27
200.32	1.28	-25.82
176.51	-8.42	-20.02
158.94	-13.79	-9.22
150.70	-13.67	-2.69
145.87	-10.19	0.79
133.48	8.91	4.82
147.22	13.67	4.27
162.54	18.55	4.76
178.22	24.78	5.68
197.81	32.04	7.02
216.13	39.37	9.16
229.74	47.06	10.44
237.55	55.48	9.34
238.95	63.11	6.53
236.45	67.99	5.19
232.30	69.40	5.43
231.02	69.58	3.11
236.15	69.09	-5.25
247.38	67.69	-18.19
255.86	66.71	-31.68
254.33	69.03	-43.82
233.09	76.60	-54.20
202.94	87.71	-64.09
218.26	110.90	-61.22
223.51	129.52	-48.52
222.60	156.07	-42.36
226.32	198.97	-37.41
243.04	248.54	-30.52
272.71	281.86	-25.09
299.13	294.98	-16.05
317.32	295.35	0.43
335.57	290.22	19.47
354.13	282.35	34.55
360.66	271.18	44.19
320.07	234.99	59.63
291.32	214.84	70.01
196.29	170.53	78.80
132.69	136.05	74.28
75.38	96.07	70.01
28.75	60.00	69.76
-9.58	33.33	72.81
-43.03	13.92	74.95
-75.56	-3.17	73.24
-107.36	-19.96	68.73
-135.07	-37.54	63.29
-161.32	-57.50	58.04
-193.54	-81.05	52.98
-244.45	-109.56	49.44
-320.13	-142.46	51.09
-407.96	-176.33	58.78
-492.86	-208.68	68.60
-572.33	-239.99	79.04
-650.76	-271.67	94.24
-722.90	-301.64	116.64
-783.63	-328.19	160.58
-759.09	-313.60	169.31
-701.35	-281.98	167.54
-614.44	-241.52	155.33
-506.59	-201.60	134.95
-397.77	-167.85	113.46
-311.52	-143.68	98.02
-258.91	-131.10	91.25
-233.95	-126.34	91.13
-224.61	-121.28	93.87
-223.02	-112.06	95.70
-217.96	-100.71	93.44
-190.55	-88.81	86.06
-135.68	-74.83	75.26
-73.18	-59.94	65.43
-0.06	-42.18	54.63
3.17	-37.35	50.17
-6.53	-28.50	49.74
-14.71	-17.76	53.53
-16.66	-14.22	61.04
-10.38	-22.89	71.53
7.32	-37.35	80.14
30.64	-46.75	83.25
51.27	-47.06	80.63
66.28	-40.41	74.58
76.17	-31.25	68.48
81.48	-22.40	63.48
85.27	-14.53	58.11
95.09	-6.96	51.39
116.33	1.53	41.50
144.35	9.89	28.56
171.45	15.01	22.16
195.31	17.94	26.43
215.88	21.12	30.82
232.48	23.68	27.53
242.31	25.63	18.98
245.79	27.89	10.99
250.43	32.17	6.65
265.62	40.41	4.82
292.85	51.33	3.17
322.33	61.04	1.46
338.93	66.41	-1.34
331.36	68.66	-9.52
297.61	73.12	-25.21
271.79	83.37	-41.26
280.70	94.24	-44.19
306.40	98.14	-33.75
322.02	94.60	-23.38
307.37	89.66	-22.95
269.47	89.90	-33.81
249.76	95.34	-40.41
250.06	100.89	-29.72
243.35	107.06	-14.16
232.36	117.55	-6.53
221.31	130.37	-4.27
213.99	141.85	-2.01
211.12	150.88	1.53
212.77	160.34	4.58
220.09	171.14	5.98
231.26	181.58	6.41
241.64	189.88	7.08
245.42	195.19	8.36
236.21	196.78	9.77
214.29	195.80	10.80
188.90	195.19	12.33
168.52	196.11	17.64
156.43	195.13	26.61
148.19	184.94	33.08
137.39	166.32	33.26
121.22	150.39	29.66
102.84	149.60	28.44
81.24	163.09	31.43
49.44	169.80	31.62
7.14	156.98	26.00
-39.12	132.93	20.51
-81.05	108.52	20.63
-113.28	86.55	25.33
-135.01	67.38	28.75
-155.33	53.47	27.59
-183.29	42.85	24.23
-213.20	29.42	21.79
-231.93	-14.77	21.48
-222.35	-34.48	22.46
-209.17	-41.26	22.09
-191.71	-35.89	19.17
-168.82	-26.86	15.93
-143.62	-20.51	16.05
-120.67	-17.46	19.47
-99.49	-14.04	22.64
-73.30	-7.26	21.97
-41.81	1.34	17.15
-14.04	7.63	11.11
