-1.04	-6.35	0.18
-0.92	-7.39	0.73
-0.55	-7.81	1.28
-0.92	-7.69	1.53
-2.26	-7.45	1.40
-3.78	-7.26	1.16
-4.82	-7.32	0.92
-5.62	-8.06	0.92
-6.41	-9.46	1.16
-7.26	-11.29	1.53
-7.14	-13.06	1.95
-5.19	-14.16	1.89
-2.38	-14.89	1.16
-0.61	-16.05	0.18
-0.85	-17.58	-0.55
-2.93	-20.02	-1.04
-6.53	-24.48	-1.10
-10.44	-30.52	-0.61
-13.37	-36.93	0.18
-15.81	-42.97	0.73
-23.32	-52.55	1.71
-29.36	-54.99	2.32
-36.56	-54.14	2.81
-43.58	-51.15	2.26
-49.74	-49.44	0.06
-57.07	-54.32	-5.62
-57.13	-59.88	-7.57
-54.32	-66.65	-9.03
-49.62	-75.13	-10.31
-45.84	-84.84	-11.29
-44.80	-92.47	-11.29
-46.02	-93.08	-9.83
-47.55	-84.90	-8.12
-47.12	-71.84	-8.54
-44.01	-58.72	-12.15
-38.94	-48.71	-16.78
-24.41	-46.26	-19.71
-23.50	-50.78	-18.62
-24.29	-53.59	-17.09
-26.37	-52.98	-16.42
-29.24	-48.46	-17.03
-32.47	-39.92	-19.35
-34.42	-29.66	-22.77
-26.86	-16.36	-30.64
-16.97	-14.04	-35.10
-6.35	-13.24	-39.00
2.32	-10.74	-40.83
8.91	3.48	-44.31
11.17	24.29	-54.20
15.01	34.00	-54.44
21.91	40.95	-52.00
31.86	47.97	-48.95
44.68	59.20	-45.35
61.10	79.65	-41.26
81.42	112.43	-38.82
105.59	152.34	-40.16
130.00	186.16	-43.21
151.25	204.35	-43.09
168.27	206.18	-37.41
180.05	195.07	-28.20
186.89	177.98	-18.25
191.77	163.15	-7.02
196.53	153.02	7.45
195.80	143.13	23.13
179.14	127.50	37.11
143.43	106.45	50.35
97.72	84.66	62.74
55.36	65.06	71.96
26.73	47.73	78.37
17.70	31.56	83.74
26.61	15.38	85.94
42.54	0.61	81.48
52.86	-10.31	70.56
51.27	-18.19	57.92
39.92	-26.73	48.95
23.01	-36.80	45.41
3.72	-45.04	44.07
-15.08	-48.83	41.69
-32.04	-48.77	39.12
-46.87	-47.12	37.96
-68.97	-47.79	38.33
-75.32	-52.55	39.92
-81.36	-63.42	42.05
-88.56	-84.29	44.49
-95.83	-107.18	46.14
-116.94	-112.30	38.15
-129.76	-101.81	33.69
-140.32	-96.86	32.78
-147.22	-100.16	34.12
-150.82	-108.52	33.51
-153.02	-118.47	29.24
-154.11	-127.56	24.41
-153.93	-134.34	22.58
-154.05	-138.85	23.19
-154.97	-141.66	23.07
-154.11	-143.49	21.24
-150.21	-145.32	19.23
-145.57	-147.03	17.21
-143.68	-144.96	14.16
-144.41	-136.23	10.38
-142.03	-123.54	7.45
-132.02	-113.22	6.53
-115.84	-108.15	6.84
-99.06	-104.00	5.98
-86.18	-95.70	3.42
-75.56	-73.67	-3.17
-75.20	-67.02	-5.92
-73.61	-61.77	-8.06
-68.60	-55.66	-9.34
-51.70	-41.08	-5.07
-42.97	-33.69	-2.93
-35.83	-28.75	-2.99
-29.72	-26.92	-3.11
-23.68	-26.73	-2.93
-18.62	-26.67	-3.97
-17.21	-26.12	-6.96
-20.02	-25.45	-10.74
-23.93	-23.62	-14.65
-25.57	-20.45	-19.04
-25.39	-18.98	-22.52
-25.27	-20.26	-21.91
-24.41	-20.75	-16.85
-20.45	-17.33	-10.68
-13.12	-10.99	-6.47
-5.37	-5.00	-3.97
-0.24	-0.24	-2.81
1.65	4.39	-3.60
1.22	8.06	-6.47
-0.31	8.73	-10.31
-2.08	7.51	-13.31
-3.17	6.10	-14.40
-3.11	4.70	-14.04
-1.77	-0.43	-10.19
-0.79	-2.93	-6.47
1.28	-3.78	-2.38
4.94	-2.99	0.43
8.79	-1.53	0.92
10.56	0.24	-0.67
9.09	2.14	-3.05
5.31	3.11	-5.43
0.92	1.83	-6.96
-2.62	-0.92	-7.26
-4.46	-4.09	-6.23
-4.52	-7.08	-4.15
-4.33	-8.91	-1.28
-4.70	-9.34	2.81
-3.78	-8.24	6.65
-1.04	-5.49	6.90
0.55	-2.62	3.54
-0.31	-1.46	-0.12
-2.08	-1.77	-2.08
-3.48	-2.69	-2.99
-5.37	-4.52	-3.78
-7.93	-7.75	-4.09
-10.13	-10.93	-3.91
-10.56	-10.68	-4.94
-10.93	-8.79	-5.98
-12.08	-7.39	-6.29
-12.15	-5.31	-5.86
-5.98	0.73	-5.13
-8.42	-1.10	-5.07
-13.37	-3.60	-4.76
-17.76	-6.65	-4.46
-20.02	-9.52	-4.27
-20.87	-10.62	-3.78
-21.00	-9.70	-3.17
-20.51	-8.18	-3.42
-19.29	-7.02	-5.13
-17.46	-6.04	-7.32
-16.36	-5.92	-8.48
-16.72	-6.59	-8.42
-17.33	-6.65	-7.87
-16.48	-5.19	-7.26
-14.16	-2.20	-6.90
-11.66	1.40	-7.45
-7.45	5.74	-8.85
-5.37	3.11	-8.06
-3.23	-1.65	-6.65
-1.34	-5.68	-5.19
-0.43	-7.39	-3.60
-0.67	-7.08	-0.73
-0.79	-4.82	3.17
0.67	-0.79	6.41
3.48	3.54	7.08
5.49	6.16	4.52
3.66	5.86	0.18
-2.99	2.62	-4.21
-11.54	-2.99	-7.14
-17.58	-9.03	-8.12
-19.47	-12.76	-7.63
-18.80	-12.70	-6.53
-17.33	-9.52	-5.43
-15.81	-5.49	-4.88
-14.10	-3.66	-4.33
-4.88	-7.20	-2.38
-0.18	-7.63	-2.08
2.81	-7.81	-2.32
4.82	-7.39	-2.50
5.31	-5.92	-2.20
3.78	-3.97	-1.59
1.65	-2.01	-0.73
1.16	-0.79	0.00
3.23	-0.85	-0.12
6.47	-1.65	-1.22
8.67	-2.56	-3.30
8.12	-3.97	-6.04
5.68	-5.74	-8.42
4.09	-5.86	-9.46
4.64	-3.42	-9.16
6.41	0.12	-8.48
9.52	2.87	-8.54
23.74	6.71	-12.76
35.16	9.52	-16.17
49.99	13.18	-20.08
66.47	17.76	-23.44
81.18	23.19	-24.29
92.47	29.54	-21.79
99.61	34.36	-19.53
103.88	36.13	-22.03
107.73	37.23	-29.60
112.24	40.71	-38.82
117.13	46.87	-45.10
122.74	54.63	-44.98
134.22	64.03	-39.79
159.48	77.58	-34.24
199.34	95.28	-32.29
243.23	111.51	-34.61
275.21	120.48	-39.37
285.64	121.95	-43.21
263.98	117.74	-41.93
258.48	121.58	-33.94
267.58	122.25	-34.18
271.30	119.38	-34.48
265.44	112.85	-33.08
248.35	103.88	-30.88
222.29	94.24	-29.36
191.53	84.11	-26.98
129.70	65.92	-8.42
109.37	61.40	2.32
98.94	58.23	7.26
92.29	53.59	7.63
82.95	45.41	7.39
67.99	33.26	9.89
46.45	18.37	16.48
17.88	3.66	25.76
-18.19	-9.52	35.10
-60.61	-21.42	43.27
-105.04	-32.35	49.87
-147.46	-41.81	54.14
-185.30	-49.44	56.58
-218.38	-56.46	59.69
-245.85	-62.32	64.94
-263.43	-65.67	69.70
-270.02	-66.22	71.11
-269.23	-64.88	69.40
-268.55	-63.23	66.65
-278.20	-63.35	64.88
-305.85	-67.32	66.04
-405.09	-87.34	82.82
-449.40	-98.08	95.40
-470.52	-104.86	104.86
-463.20	-105.47	107.12
-428.77	-101.20	101.75
-298.89	-97.47	70.98
-284.91	-101.01	67.81
-267.88	-100.46	67.38
-238.89	-93.32	66.16
-203.19	-81.60	63.35
-170.72	-69.76	59.88
-147.71	-61.34	56.64
-134.89	-58.65	52.43
-124.45	-57.43	46.63
-114.38	-54.87	40.89
-107.97	-55.66	37.54
-100.34	-59.75	37.84
-86.49	-60.18	37.96
-67.75	-54.32	36.56
-50.96	-46.63	35.71
-40.83	-41.38	34.67
-13.85	-34.42	28.93
5.98	-29.66	24.05
19.84	-25.82	20.02
25.57	-23.74	17.58
28.93	-22.09	16.36
36.07	-19.65	15.44
47.79	-16.66	14.34
61.83	-13.43	13.24
89.54	-5.25	10.80
116.70	4.64	4.82
110.78	2.50	4.33
94.73	-1.22	5.74
71.41	-3.66	7.81
113.83	14.71	2.69
96.86	12.39	3.85
62.44	6.41	6.90
29.11	0.55	9.58
9.95	-3.17	10.62
7.63	-4.09	10.56
19.10	-2.81	10.19
37.41	-0.98	9.77
53.34	0.00	9.64
60.42	-0.61	10.62
57.50	-2.93	12.27
48.10	-6.41	13.61
36.80	-9.46	14.28
26.98	-10.50	14.28
20.51	-9.89	14.16
16.66	-9.52	13.92
15.20	-10.01	13.61
19.04	-9.03	13.06
28.81	-5.37	13.31
42.11	-2.14	15.01
57.07	-0.73	15.75
70.68	2.50	14.95
78.92	9.52	17.09
80.44	16.54	23.68
79.90	19.41	26.67
79.10	20.45	21.48
75.07	23.01	13.43
70.74	25.82	7.75
83.92	41.32	-2.20
76.54	59.94	-16.78
76.48	60.79	-23.99
75.20	65.49	-29.97
68.91	68.48	-27.34
62.13	62.50	-17.76
56.34	53.71	-11.78
53.65	53.16	-13.37
56.21	57.98	-15.99
63.78	62.07	-15.26
73.97	65.80	-14.22
80.44	68.66	-17.09
62.44	52.67	-60.79
36.99	26.37	-42.85
34.67	26.61	-33.33
43.21	32.41	-26.79
57.68	39.37	-23.62
70.62	44.25	-24.29
78.00	44.49	-26.79
81.91	41.93	-28.14
85.39	41.44	-28.56
88.20	44.01	-28.63
90.39	46.39	-27.71
92.41	45.59	-25.57
93.57	42.91	-22.28
95.21	43.03	-18.74
96.92	48.16	-18.07
95.58	54.93	-22.16
89.48	59.33	-28.26
79.59	59.94	-32.10
69.95	57.19	-31.13
64.82	53.34	-26.18
66.28	50.11	-19.41
74.10	49.38	-14.71
84.78	51.45	-16.42
95.76	54.38	-21.61
105.96	57.50	-26.43
111.51	58.72	-30.33
108.89	56.46	-31.68
100.46	53.77	-29.48
91.37	54.57	-26.31
85.08	57.43	-24.72
84.05	59.39	-24.48
93.26	60.73	-24.41
118.35	64.33	-25.33
156.37	71.47	-28.02
192.81	79.47	-31.13
212.16	83.92	-31.25
208.98	83.86	-27.77
185.55	78.49	-22.58
148.93	65.86	-15.81
91.80	42.79	-5.00
74.28	34.91	-1.71
7.14	15.38	11.72
-53.53	-3.36	21.36
-77.76	-12.88	27.10
-105.16	-24.17	34.48
-140.99	-37.66	42.85
-187.74	-52.25	51.45
-245.67	-67.32	61.34
-315.31	-82.52	73.79
-390.50	-97.23	89.11
-454.53	-109.56	105.16
-494.93	-117.68	118.90
-509.16	-121.28	128.48
-497.56	-119.87	132.51
-464.72	-113.53	131.29
-422.91	-104.68	126.28
-386.23	-97.66	118.96
-363.16	-94.73	110.72
-354.61	-94.30	104.74
-349.43	-93.26	102.23
-332.52	-89.78	100.77
-301.64	-84.53	97.35
-266.42	-79.41	90.33
-235.96	-74.28	81.18
-215.33	-68.60	73.61
-204.71	-62.81	69.40
-195.31	-57.56	66.65
-177.00	-53.53	61.89
-150.21	-50.72	53.65
-126.77	-47.91	43.95
-115.23	-45.59	35.83
-111.88	-44.98	32.17
-107.67	-43.33	33.94
-99.06	-38.15	38.27
-89.72	-31.62	41.38
-83.56	-26.73	41.26
-80.93	-24.23	38.57
-80.87	-23.56	35.83
-80.57	-23.74	34.85
-77.33	-23.44	35.28
-69.64	-21.67	35.58
-57.92	-18.55	34.48
-47.91	-15.20	32.59
-42.18	-12.27	33.02
-38.33	-13.00	31.56
-36.99	-14.77	29.60
-38.39	-18.07	28.44
-39.06	-21.48	27.95
-39.25	-23.56	27.95
-39.55	-23.56	28.81
-38.45	-22.22	29.66
-35.71	-20.81	29.97
-32.04	-19.78	29.91
-28.14	-19.17	29.30
-24.78	-18.98	28.02
-21.61	-18.98	25.82
-16.48	-18.49	22.77
-7.63	-16.36	19.84
4.15	-12.70	18.01
15.50	-8.36	17.46
14.34	-8.24	10.07
-2.08	-20.45	6.84
-9.09	-26.49	9.77
-6.71	-22.64	12.82
-2.38	-14.53	13.98
1.34	-7.08	13.12
31.25	-1.65	5.68
101.14	12.08	2.56
148.13	27.95	-3.23
219.06	57.92	-20.75
233.22	62.87	-41.75
237.43	59.88	-47.00
242.68	59.27	-43.64
253.72	59.33	-39.00
265.38	60.79	-36.25
268.01	64.88	-36.56
257.81	70.98	-38.70
237.85	75.68	-39.55
214.72	76.11	-39.12
195.80	73.55	-39.31
184.94	70.37	-38.70
182.01	66.04	-35.77
183.78	59.02	-32.35
186.34	48.52	-31.43
187.50	35.34	-34.12
186.95	22.34	-39.43
185.06	12.94	-46.33
181.34	8.97	-53.04
176.33	11.72	-58.35
176.39	23.86	-62.93
186.65	45.29	-67.93
202.70	67.02	-71.96
238.95	86.49	-66.71
271.67	95.28	-57.25
265.32	105.22	-56.46
225.46	138.12	-36.93
177.80	108.70	-20.39
163.15	95.09	-14.47
159.36	86.00	-12.27
164.06	80.26	-11.90
170.17	81.97	-10.31
165.95	90.15	-5.74
143.49	94.79	1.10
104.74	88.26	7.26
58.65	71.41	12.21
14.95	50.96	17.27
-16.85	34.12	21.97
-32.90	24.60	23.50
-41.93	20.63	21.30
-49.26	17.46	18.49
-61.77	11.66	18.37
-95.09	1.34	22.46
-212.46	-31.56	42.05
-268.68	-48.03	54.81
-314.39	-60.36	67.38
-349.98	-68.18	80.51
-375.73	-73.43	95.03
-390.14	-77.27	108.22
-392.52	-79.65	115.72
-381.71	-80.08	116.03
-358.40	-78.49	109.92
-327.58	-75.62	99.18
-296.51	-72.88	86.67
-249.39	-71.66	62.99
-234.37	-73.55	54.02
-226.14	-75.26	50.42
-221.56	-74.65	51.82
-216.37	-71.17	54.44
-209.66	-67.02	56.40
-205.69	-64.39	58.11
-209.78	-62.62	59.88
-221.56	-60.61	62.93
-239.32	-58.59	67.63
-259.89	-57.43	72.51
-275.88	-56.46	75.99
-281.01	-54.99	77.70
-272.64	-53.47	77.82
-252.93	-51.57	75.87
-225.89	-49.07	71.59
-196.59	-46.08	64.88
-170.96	-42.72	57.50
-153.56	-39.18	53.41
-141.78	-33.26	53.53
-143.98	-32.23	56.40
-146.24	-31.74	59.27
-142.21	-30.70	59.20
-129.70	-28.69	55.97
-111.76	-26.18	51.64
-82.28	-19.78	50.29
-70.37	-16.60	54.26
-55.66	-14.16	57.68
-38.82	-13.61	54.81
-21.18	-15.01	43.88
-5.62	-17.64	31.80
4.27	-20.45	24.66
8.30	-21.00	21.24
10.31	-18.49	19.41
11.05	-14.89	19.04
8.91	-12.27	20.81
6.90	-12.88	23.13
6.23	-16.66	24.23
4.03	-22.09	24.66
0.67	-27.59	25.09
2.93	-31.07	25.57
16.30	-31.19	25.27
36.19	-28.81	23.25
53.10	-25.09	20.14
61.46	-21.06	16.72
60.18	-16.85	13.85
54.02	-12.88	12.33
54.08	-9.58	11.72
3.78	-2.38	-1.59
3.72	-1.34	-2.14
3.60	-0.67	-2.50
5.13	0.31	-2.32
6.71	0.55	-2.01
8.00	0.55	-1.65
8.42	0.73	-1.16
8.24	1.16	-0.79
7.75	1.16	-0.73
6.53	0.73	-0.85
4.64	0.12	-0.92
2.62	-0.43	-0.61
1.34	-1.04	0.06
1.89	-3.23	0.92
2.38	-4.15	0.73
2.26	-5.74	0.37
1.59	-6.35	0.43
0.06	-8.12	1.34
-3.11	-17.40	4.52
-4.15	-21.42	4.46
-5.55	-25.51	3.85
-7.02	-29.91	3.05
-8.18	-34.61	2.44
-9.34	-40.41	1.83
-10.56	-48.46	1.16
-11.11	-59.88	0.24
-10.62	-72.20	-1.95
-8.97	-82.03	-6.77
-5.68	-86.24	-13.06
-0.49	-80.32	-19.10
4.15	-63.84	-24.35
4.46	-42.54	-28.99
-2.01	-23.93	-32.35
-13.49	-12.39	-32.78
-24.48	-4.52	-29.91
-29.66	5.00	-26.18
-27.71	15.87	-23.62
-21.12	25.02	-22.28
-12.82	30.64	-22.34
-4.21	33.69	-24.29
3.78	37.35	-27.71
10.31	43.95	-30.52
15.56	54.81	-30.64
19.65	69.15	-28.38
22.22	84.72	-25.88
21.91	100.65	-24.60
16.60	117.25	-24.11
-4.70	146.48	-25.02
-12.39	153.08	-27.77
-13.98	152.47	-30.76
-9.70	148.32	-30.88
-1.40	146.73	-27.59
7.20	150.63	-22.03
1.10	156.43	-13.43
-38.33	155.94	0.92
-84.96	144.04	20.69
-95.70	123.96	39.00
-78.74	102.84	50.17
-64.76	87.95	55.54
-62.13	83.68	57.25
-58.78	84.84	53.34
-45.65	82.70	42.91
-26.61	76.54	29.30
-10.80	69.70	16.11
2.56	60.55	7.32
16.91	43.95	7.45
22.22	22.52	16.42
10.07	4.82	29.30
-10.93	-5.98	37.17
-73.18	-17.58	27.59
-59.57	-21.73	77.51
-46.81	-24.05	65.67
-50.66	-24.48	53.89
-66.77	-18.31	44.98
-85.27	-2.56	36.87
-94.42	14.10	30.40
-83.74	12.57	31.68
-55.73	-58.04	66.47
-54.57	-83.01	72.02
-61.10	-91.25	65.86
-71.59	-94.67	60.24
-79.90	-102.60	61.58
-78.92	-113.22	65.73
-66.28	-119.08	64.58
-45.90	-116.03	54.87
-23.07	-106.75	41.14
-1.59	-96.13	29.24
14.89	-87.16	21.42
21.55	-80.81	18.01
17.76	-78.80	21.18
7.57	-79.90	29.91
-7.20	-79.47	37.41
-23.80	-74.89	38.64
-36.07	-68.05	34.36
-39.31	-62.68	27.34
-33.75	-60.85	20.51
-22.16	-63.84	16.72
2.26	-78.61	15.01
7.45	-83.98	14.34
8.91	-85.14	14.40
9.28	-82.21	14.10
8.67	-78.86	13.92
6.41	-78.25	16.30
2.87	-79.59	21.55
-1.46	-80.99	26.18
-6.59	-81.42	26.86
-12.27	-81.36	23.32
-19.04	-82.46	17.58
-27.28	-84.72	11.66
-36.99	-85.63	8.24
-48.28	-82.64	8.91
-63.90	-72.02	17.52
-63.96	-69.40	20.87
-59.81	-69.34	21.42
-53.34	-71.66	19.47
-47.12	-75.93	16.11
-45.84	-80.75	11.90
-68.30	-77.51	-2.26
-73.85	-72.08	-0.73
-74.34	-68.24	0.67
-69.76	-63.84	-0.92
-61.71	-55.60	-4.27
-53.96	-47.61	-7.51
-49.26	-44.86	-10.19
-47.73	-44.92	-11.96
-46.75	-43.64	-11.23
-41.99	-38.09	-8.97
-32.29	-29.30	-8.54
-21.61	-21.73	-9.22
-13.06	-16.97	-8.73
-7.32	-13.24	-7.26
-4.09	-9.89	-6.59
-3.36	-7.51	-7.20
-6.04	-7.39	-7.57
-12.02	-9.95	-7.26
-18.01	-13.12	-7.39
-19.84	-14.71	-8.00
-16.05	-14.34	-7.93
-8.54	-12.21	-7.14
-0.37	-9.09	-5.86
5.25	-6.84	-4.33
6.84	-5.98	-3.36
5.13	-6.10	-3.30
1.28	-7.32	-3.91
-3.48	-9.70	-4.94
-7.32	-11.96	-6.10
-8.97	-12.82	-6.90
-8.12	-11.84	-7.08
-5.00	-8.24	-6.53
-0.12	-1.40	-5.68
5.92	6.23	-5.00
15.44	7.02	-6.59
6.47	-1.34	-12.39
2.01	-2.26	-14.65
-1.40	-2.93	-15.62
-3.78	-3.72	-14.34
-5.49	-4.39	-12.33
-7.57	-4.82	-11.54
-10.44	-5.25	-11.90
-14.16	-5.74	-12.21
-19.78	-6.41	-12.45
-28.08	-8.30	-12.82
-36.62	-12.15	-12.21
-42.05	-15.32	-9.77
-43.33	-15.50	-5.86
-40.41	-13.79	-1.53
-33.94	-11.23	2.14
-25.63	-8.06	4.39
-18.49	-5.19	5.43
-15.38	-4.27	5.13
-19.17	-6.77	2.99
-52.80	-22.64	-3.42
-52.25	-22.64	-3.23
-43.64	-19.41	-2.26
-31.31	-13.92	-1.95
-20.08	-8.18	-2.75
-12.76	-4.09	-4.03
-10.31	-1.89	-6.10
-18.86	-2.56	-14.34
-23.93	-2.93	-16.72
-24.11	-1.65	-16.42
-18.07	1.53	-15.26
-7.81	5.98	-14.22
2.75	9.46	-13.73
10.93	11.23	-13.98
15.14	11.90	-14.34
13.24	10.93	-14.47
5.49	6.90	-14.40
-3.30	1.28	-14.16
-8.42	-2.75	-13.73
-9.58	-4.03	-12.70
-7.26	-4.15	-10.99
-1.40	-3.17	-9.95
4.76	0.18	-10.56
8.06	2.93	-11.66
8.97	2.14	-11.90
9.09	0.12	-11.60
8.24	-0.24	-11.41
5.49	0.73	-11.17
1.77	1.83	-11.11
-0.49	3.36	-9.77
7.20	3.54	-6.77
9.16	3.11	-10.38
11.23	2.62	-15.20
14.04	3.42	-19.23
19.10	7.08	-21.00
27.95	13.43	-20.69
41.14	21.79	-20.87
76.66	39.86	-28.20
106.93	54.69	-35.40
117.61	58.23	-37.35
128.36	61.22	-39.49
142.21	66.65	-42.24
161.44	75.99	-45.47
187.13	89.05	-48.46
218.75	104.25	-50.48
254.27	119.02	-52.25
290.34	128.17	-55.36
321.04	129.52	-60.36
340.70	124.57	-68.48
329.65	122.99	-66.83
311.28	123.35	-62.56
295.96	126.22	-56.70
289.73	129.46	-51.70
290.53	129.70	-50.60
294.74	126.40	-52.61
295.10	119.81	-53.28
283.02	110.23	-48.46
252.62	97.72	-37.17
202.09	81.73	-20.39
139.59	63.29	-0.43
17.52	18.37	30.88
11.11	12.02	28.93
-3.36	-0.24	23.38
-77.94	-23.38	30.82
-193.36	-53.04	53.89
-248.90	-64.45	66.89
-297.97	-71.35	80.87
-339.05	-74.65	96.25
-367.37	-75.93	110.41
-377.38	-75.81	118.65
-383.85	-77.21	118.04
-404.11	-81.73	117.19
-432.74	-89.29	118.41
-457.76	-96.44	119.93
-465.88	-98.57	120.24
-448.67	-94.67	118.41
-413.39	-87.04	113.77
-375.00	-78.55	107.60
-344.60	-71.11	101.26
-326.60	-66.47	95.15
-315.37	-65.49	90.39
-303.77	-66.22	86.98
-284.85	-67.20	82.09
-257.39	-68.24	75.50
-229.74	-68.85	70.80
-159.48	-63.78	65.00
-132.63	-56.52	60.91
-107.30	-45.59	55.24
-88.26	-33.02	48.89
-78.12	-23.86	43.95
-74.10	-20.81	40.10
-70.01	-22.77	34.85
-62.07	-26.61	28.56
-52.55	-28.93	23.25
-47.36	-28.50	19.65
-48.89	-27.65	17.94
-52.19	-28.69	17.27
-51.51	-28.63	16.05
-49.32	-26.67	12.51
-51.45	-33.02	9.95
-43.46	-46.02	19.10
-26.00	-30.33	30.52
-10.62	-11.96	33.63
-1.77	-0.85	23.68
4.88	2.38	11.84
11.66	0.24	6.29
20.81	-3.85	7.63
43.03	-6.71	15.50
30.09	-10.62	15.99
40.53	-12.45	17.64
69.27	-12.57	19.90
88.26	-11.72	19.17
109.50	-9.03	16.78
129.82	-5.00	13.49
144.53	-1.10	10.13
150.82	1.40	7.08
150.57	2.44	5.62
149.78	3.54	6.29
151.00	5.68	8.30
153.87	8.48	10.19
161.50	12.76	10.25
173.46	19.59	7.69
187.62	29.91	6.84
202.64	42.60	16.97
218.57	56.46	33.33
230.77	69.95	36.62
222.78	70.19	22.71
189.82	51.64	6.16
147.46	31.74	-2.56
96.92	32.59	-13.55
94.24	39.43	-19.04
103.76	41.87	-21.79
123.60	43.09	-23.99
146.48	45.29	-28.26
161.13	46.51	-33.57
161.87	44.13	-37.35
150.39	39.61	-37.78
130.92	38.57	-35.83
113.10	42.48	-34.67
104.61	49.01	-35.10
108.03	57.98	-33.81
127.87	67.69	-29.17
163.27	77.76	-25.51
204.22	89.29	-29.72
236.63	98.45	-41.20
251.46	100.34	-52.73
251.34	96.13	-59.08
230.47	113.59	-57.98
233.15	125.79	-57.86
244.45	137.33	-58.11
263.79	145.51	-57.43
280.82	147.16	-54.08
288.94	144.04	-49.32
286.19	141.78	-46.08
269.10	139.47	-43.33
237.98	131.16	-39.00
169.31	109.07	-26.00
127.50	86.67	-8.73
68.66	46.69	8.48
49.87	53.22	4.82
32.84	59.20	-0.98
0.67	20.63	4.27
-22.22	-2.99	10.38
-91.13	-28.44	38.09
-103.27	-38.02	45.41
-88.62	-40.16	40.95
-54.99	-38.33	28.75
-19.47	-41.63	16.36
5.92	-56.95	9.64
18.86	-82.58	8.06
20.26	-106.63	3.48
11.84	-113.53	-7.02
-0.49	-97.47	-15.93
-9.95	-69.21	-17.46
-13.98	-44.01	-14.04
-11.23	-28.69	-11.72
-0.85	-21.48	-14.53
36.44	-9.77	-28.69
55.30	1.83	-32.71
70.43	18.43	-33.20
85.82	41.63	-31.49
108.46	70.37	-29.42
139.77	99.24	-28.56
173.46	120.30	-29.97
197.94	126.22	-32.29
205.87	115.54	-30.03
192.26	88.26	-11.41
136.47	66.10	10.50
109.92	61.52	15.20
84.66	57.13	18.43
36.99	38.51	21.67
-20.39	17.27	26.73
-176.45	-22.58	49.74
-255.86	-43.52	68.91
-341.13	-67.93	91.61
-422.67	-92.10	113.95
-491.39	-113.34	132.87
-543.03	-130.31	147.28
-581.05	-142.88	157.78
-613.34	-151.79	167.36
-642.27	-157.17	179.02
-658.75	-157.78	190.92
-646.42	-153.50	193.30
-512.88	-132.39	156.07
-431.09	-117.68	136.35
-369.38	-106.26	122.19
-334.41	-99.30	111.63
-322.33	-96.37	104.06
-323.73	-96.19	101.07
-327.45	-95.89	103.45
-322.27	-93.14	106.38
-299.38	-86.73	101.01
-255.74	-77.58	87.04
-201.78	-69.70	73.73
-137.02	-68.05	65.67
-136.41	-69.70	66.96
-146.55	-68.91	68.18
-154.30	-65.61	66.59
-147.83	-60.61	62.50
-127.08	-53.47	58.11
-98.33	-41.87	54.02
-102.60	-42.66	52.86
-108.52	-44.62	51.45
-109.74	-44.19	50.42
-106.75	-40.77	50.48
-103.09	-36.19	52.37
-98.45	-31.86	55.11
-90.94	-29.36	56.82
-83.19	-29.97	57.86
-76.72	-32.23	57.74
-66.89	-33.69	54.50
-51.88	-32.71	49.93
-35.77	-29.66	46.87
-17.82	-25.63	44.37
6.53	-19.65	40.65
35.03	-10.99	34.18
59.08	-2.32	24.96
71.11	1.04	13.85
70.68	0.49	7.32
65.80	4.39	11.84
68.91	11.66	18.68
85.75	15.08	17.94
110.23	15.14	11.23
160.40	19.59	-5.86
181.88	25.21	-14.47
195.68	31.25	-20.69
201.72	36.93	-23.44
204.77	42.42	-24.29
209.29	48.10	-25.94
215.88	53.28	-29.60
225.71	57.37	-34.42
239.75	60.73	-39.12
256.65	64.51	-43.58
274.29	69.95	-47.12
288.57	76.78	-47.67
293.40	83.56	-44.56
285.34	88.20	-40.71
265.93	88.56	-39.43
238.71	84.47	-39.67
210.57	78.00	-39.25
190.37	71.11	-39.43
181.58	64.45	-42.24
180.11	57.86	-47.00
179.08	50.54	-51.15
172.55	43.03	-53.53
156.01	36.07	-54.14
130.31	29.24	-52.43
103.94	21.67	-49.50
87.89	14.10	-46.81
87.34	8.67	-45.29
97.66	7.32	-46.20
112.85	10.25	-49.68
129.03	16.24	-54.32
153.56	33.39	-64.39
154.97	40.77	-65.55
145.81	42.97	-62.99
131.47	40.10	-58.11
119.02	35.77	-53.65
113.83	33.75	-51.39
119.38	36.80	-51.09
134.46	44.68	-52.92
153.69	53.83	-55.30
181.70	63.90	-53.16
186.65	64.21	-50.60
189.70	65.43	-48.10
192.38	70.86	-46.20
193.12	78.80	-45.17
191.41	85.45	-44.49
188.05	90.33	-43.33
162.72	103.03	-34.24
147.64	93.63	-29.30
153.14	91.19	-29.60
156.19	90.70	-27.53
148.19	85.69	-20.51
125.85	71.96	-11.35
96.98	55.05	-4.88
73.36	44.92	-2.26
58.78	43.58	-2.14
43.82	47.36	-4.52
39.31	45.65	-3.48
37.11	41.99	-1.53
34.12	36.87	0.85
24.78	30.52	4.82
6.35	22.22	11.23
-17.52	13.06	18.55
-40.89	6.10	23.74
-61.89	2.62	25.39
-78.74	0.00	25.82
-89.17	-4.33	27.95
-96.86	-10.62	31.98
-110.53	-18.98	37.66
-139.34	-29.05	46.45
-188.42	-41.14	59.94
-254.39	-54.81	77.58
-318.85	-68.18	96.44
-354.25	-76.35	110.53
-349.73	-76.42	113.89
-318.85	-70.07	108.09
-284.12	-61.46	100.95
-282.47	-62.81	98.08
-303.71	-65.31	97.29
-291.02	-63.96	91.55
-280.09	-63.35	86.30
-277.71	-65.06	82.64
-285.58	-69.64	81.42
-308.53	-71.96	88.56
-286.25	-65.92	83.92
-250.73	-58.41	75.81
-216.00	-52.12	68.18
-193.73	-48.34	62.62
-190.92	-47.42	61.65
-207.28	-49.80	65.37
-232.54	-54.87	71.29
-248.96	-58.17	76.97
-241.09	-56.21	77.88
-172.49	-47.00	59.51
-144.84	-45.90	50.72
-133.97	-45.59	46.81
-136.29	-44.37	43.95
-142.64	-41.75	39.73
-126.95	-28.99	48.03
-109.31	-26.61	51.39
-95.09	-26.06	51.94
-88.01	-27.28	50.60
-83.37	-28.20	48.03
-70.07	-21.36	41.56
-66.28	-18.13	39.49
-64.70	-18.13	39.61
-58.53	-19.10	40.89
-46.87	-19.17	41.63
-37.48	-19.17	42.05
-36.50	-20.45	43.52
-40.77	-22.58	46.02
-41.14	-23.50	48.89
-32.78	-22.40	51.09
-20.26	-20.45	51.15
-10.38	-18.19	49.62
-6.10	-16.66	47.73
-4.70	-17.46	45.53
-0.79	-19.53	43.21
7.08	-20.08	41.14
17.46	-17.94	39.06
24.96	-13.67	37.90
27.28	-10.86	38.45
29.17	-12.02	38.64
32.04	-15.62	36.80
34.30	-19.10	34.55
40.34	-20.57	32.90
43.52	-17.64	35.16
21.73	-22.03	37.35
24.23	-21.24	34.85
30.58	-20.14	31.80
30.21	-19.96	30.27
27.89	-20.39	32.23
26.49	-19.53	34.79
25.94	-17.21	36.13
23.50	-15.14	35.95
19.23	-14.47	35.58
16.42	-15.26	34.73
16.30	-16.17	32.84
19.47	-16.24	31.13
27.77	-15.50	30.58
40.04	-13.12	30.52
53.41	-8.79	28.93
66.10	-3.11	23.56
77.64	1.40	17.46
83.74	1.16	16.54
78.49	-3.85	20.14
68.42	-8.48	24.72
67.50	-9.77	31.07
81.73	-11.54	37.90
109.62	-11.11	37.54
234.19	36.93	5.62
257.63	60.97	-5.62
260.50	117.92	-25.33
235.47	147.40	-44.68
216.92	136.17	-52.86
223.14	128.85	-54.57
232.18	122.07	-56.52
240.72	117.37	-57.07
242.80	120.30	-54.14
234.13	134.58	-49.87
218.02	154.54	-50.42
202.15	171.02	-58.23
190.43	180.42	-68.79
174.19	183.65	-86.36
150.63	148.19	-101.38
146.36	141.30	-100.65
146.73	143.80	-99.37
148.19	150.21	-95.70
147.77	156.13	-85.94
144.35	165.65	-71.04
136.72	181.46	-57.25
123.72	192.14	-47.36
102.29	185.00	-37.72
68.79	158.69	-24.35
26.86	123.17	-7.39
-11.96	92.22	9.77
-37.41	74.16	26.55
-49.07	67.50	45.59
-77.58	56.03	56.21
-82.70	51.70	45.10
-75.99	49.56	35.46
-64.94	45.96	30.58
-53.83	40.65	25.15
-46.63	36.07	16.05
