2.81	-19.53	-8.73
2.81	-19.53	-8.73
3.91	-16.05	-8.61
2.20	-13.85	-9.46
-1.65	-13.98	-11.23
-4.58	-15.01	-12.39
-6.23	-14.47	-11.96
-6.04	-11.05	-10.44
-2.75	-5.86	-8.67
1.83	-1.34	-7.51
1.65	0.43	-7.32
-5.55	-0.85	-7.57
-14.65	-3.72	-7.63
-13.49	-5.07	-5.62
-10.62	-3.78	-4.58
-8.36	-2.93	-4.15
-6.16	-2.32	-4.70
-3.72	-1.77	-5.49
-2.50	-1.22	-5.62
-5.43	-0.43	-4.64
-11.23	0.37	-2.93
-15.62	0.73	-1.71
-17.09	0.73	-1.83
-14.34	1.10	-2.87
-7.02	1.95	-3.30
-0.85	2.93	-2.50
2.69	3.91	-1.10
39.49	4.39	0.06
60.73	3.72	0.55
72.08	2.93	1.10
81.73	2.38	-0.24
89.90	2.99	-5.55
89.48	5.86	-14.89
74.10	11.90	-26.25
44.49	19.23	-34.85
-2.81	17.40	-25.45
-0.43	10.50	-11.23
-15.08	-7.08	4.21
-23.32	-12.02	2.20
-20.14	-14.40	2.62
-12.39	-14.53	6.29
-13.49	-12.94	10.19
-26.92	-10.86	12.33
-43.64	-10.01	14.16
-51.33	-11.11	16.54
-38.64	-12.88	18.98
-9.22	-12.08	22.16
44.25	7.81	35.22
64.51	24.29	45.29
72.57	38.51	56.82
73.18	46.75	66.59
76.35	47.85	69.21
79.59	42.36	64.21
72.75	31.31	57.37
44.98	15.81	53.77
3.60	-3.11	52.61
-25.57	-22.83	48.65
-40.77	-38.64	40.41
-44.19	-47.73	31.31
-3.60	-47.00	20.69
10.44	-36.56	16.30
-14.34	-44.37	13.73
-32.10	-54.63	13.12
-44.13	-64.51	9.58
-46.94	-69.82	3.72
-41.75	-68.24	-1.22
-34.85	-60.79	-3.05
-32.96	-50.54	-2.08
-34.67	-40.95	-0.18
-40.59	-32.84	-1.16
-42.11	-35.22	-3.36
-39.61	-40.41	-4.39
-32.17	-45.90	-3.78
-23.07	-48.83	-2.20
-15.87	-47.55	-1.59
-10.74	-42.30	-4.46
-5.13	-26.92	-17.15
0.61	-21.79	-20.14
8.12	-20.51	-19.10
11.96	-21.42	-16.72
9.77	-23.32	-14.40
5.74	-26.06	-12.63
-0.49	-28.26	-13.43
-12.27	-28.56	-19.23
-23.80	-27.04	-28.50
-27.47	-24.90	-35.89
-21.24	-22.95	-37.17
-8.67	-20.51	-33.02
3.36	-16.72	-26.98
8.54	-12.70	-22.28
2.69	-10.31	-21.24
-12.88	-10.07	-23.74
-26.61	-10.86	-26.55
-27.16	-11.54	-26.31
-15.56	-11.96	-22.22
-4.09	-12.45	-15.69
-4.09	-12.88	-9.16
-14.71	-13.18	-5.43
-27.53	-12.82	-6.90
-34.73	-12.27	-13.31
-31.56	-13.31	-21.67
-22.03	-16.48	-27.53
-16.24	-19.35	-28.20
-17.82	-18.62	-24.05
-20.45	-14.04	-17.82
-17.40	-9.34	-13.55
-9.40	-8.54	-13.37
-3.17	-11.96	-15.44
-5.00	-16.30	-16.24
-23.80	-16.42	-11.90
-22.28	-8.54	-14.89
-32.35	-30.33	-13.49
-58.41	-29.24	-5.25
-57.80	-24.66	-3.23
-45.10	-21.61	-1.46
-27.77	-19.71	1.04
-16.36	-17.58	3.30
-15.32	-16.11	3.72
-22.34	-16.24	1.28
-30.64	-17.09	-4.58
-34.97	-23.07	-15.87
-32.47	-27.47	-12.94
-30.15	-26.61	-4.52
-29.66	-18.62	4.52
-28.44	-7.26	8.91
-23.13	0.98	7.32
-15.81	2.69	3.54
-10.13	0.73	2.62
-6.96	0.31	6.16
-4.46	3.42	10.74
-2.56	7.51	11.84
-2.26	7.81	8.85
-3.54	2.87	5.86
-5.68	-4.21	7.14
-8.48	-10.80	12.70
-11.29	-14.95	17.03
-11.05	-14.04	14.59
-5.68	-8.00	5.86
5.25	-0.92	-10.38
6.53	-4.88	-14.40
6.90	-8.91	-16.05
9.22	-9.40	-15.08
14.10	-6.71	-11.60
18.13	-3.72	-7.45
18.31	-2.38	-5.19
14.83	-2.32	-5.43
9.95	-2.26	-6.35
5.86	-1.83	-6.71
3.05	-1.04	-6.16
2.14	0.79	-5.07
5.00	4.03	-3.17
11.17	8.18	0.43
17.52	12.76	5.62
22.95	17.58	11.54
29.79	24.29	17.70
39.98	34.85	23.07
50.42	47.24	24.78
54.44	52.31	19.41
47.79	42.30	7.39
32.04	21.36	-5.86
14.10	1.16	-13.92
1.83	-8.97	-14.22
-2.20	-8.73	-10.44
-0.61	-4.94	-8.12
4.94	-2.81	-9.40
7.69	-1.40	-8.97
15.44	7.93	-6.10
15.01	4.09	-5.13
0.67	-11.96	-3.97
-9.03	-10.80	-8.48
-11.84	-9.09	-13.31
-11.84	-11.23	-14.22
-9.46	-11.66	-13.24
-4.03	-8.48	-11.29
5.13	-2.81	-10.19
15.20	3.36	-10.86
22.16	8.00	-12.02
25.45	9.03	-10.13
25.70	8.36	-6.71
28.99	12.94	0.85
24.11	15.87	1.53
22.03	15.32	-1.53
21.42	15.08	-5.07
20.26	14.53	-6.16
18.92	12.33	-1.40
18.31	9.28	7.75
17.94	7.20	20.08
22.52	14.65	21.85
36.13	23.50	26.86
55.11	34.73	38.27
67.99	42.85	51.09
62.07	40.59	53.77
36.68	25.82	41.02
4.94	4.88	20.94
-17.82	-10.68	6.23
-24.41	-14.04	2.01
-18.31	-6.71	2.62
-4.39	5.55	-6.47
-5.68	0.67	-15.50
-15.01	-12.21	-28.56
-16.17	-13.85	-26.61
-14.53	-11.60	-20.26
-10.07	-7.69	-13.79
-4.27	-5.43	-8.97
-3.78	-7.51	-4.58
-8.85	-8.24	-5.07
-13.06	-6.77	-6.96
-12.21	-3.48	-9.22
-5.07	0.31	-11.29
10.07	4.39	-11.11
9.83	2.69	-7.81
2.08	-1.16	-5.00
2.14	-0.85	-10.74
1.77	-1.59	-13.79
3.36	3.05	-9.46
13.98	8.54	-6.84
18.19	3.78	-9.09
15.75	0.06	-9.16
0.06	-5.07	-4.58
-10.68	-2.75	-4.88
-9.52	-1.34	-6.41
-5.74	-1.59	-7.63
-2.50	-3.36	-8.24
-2.44	-6.23	-8.18
-6.29	-9.70	-7.57
-14.22	-14.04	-5.37
-15.14	-13.31	-4.09
-15.93	-12.08	-2.75
-16.60	-11.29	-1.89
-15.62	-10.62	-1.83
-14.59	-9.83	-1.59
-15.44	-9.64	-0.24
-18.25	-10.62	1.71
-21.61	-12.27	2.62
-23.13	-14.04	1.59
-22.03	-15.44	-1.28
-19.90	-15.08	-4.88
-17.76	-12.51	-7.26
-16.05	-7.75	-6.47
-28.26	-13.67	-6.53
-41.26	-21.12	-7.87
-53.47	-28.93	-9.70
-60.73	-33.75	-11.41
-61.71	-33.87	-12.70
-57.19	-29.97	-13.37
-45.04	-17.88	-12.39
-38.70	-13.24	-13.43
-39.55	-17.09	-15.56
-44.37	-23.19	-17.70
-51.21	-27.71	-19.04
-57.25	-27.77	-19.90
-59.94	-23.38	-20.87
-52.55	-13.12	-25.02
-47.61	-10.86	-28.14
-42.54	-9.40	-31.80
-38.15	-6.47	-36.07
-35.40	-1.59	-40.28
-31.86	3.36	-41.75
-26.18	4.88	-36.19
-24.17	2.20	-25.45
-29.11	-1.34	-17.64
-36.93	-1.83	-17.27
-44.01	1.16	-21.85
-48.28	5.07	-27.83
-47.42	7.39	-32.96
-42.36	6.65	-33.75
-40.47	2.93	-27.71
-47.06	-1.22	-18.25
-53.04	-1.65	-10.56
-51.27	1.59	-8.12
-55.24	1.04	-16.97
-76.84	-2.14	-27.34
-76.78	1.22	-27.65
-71.47	5.07	-23.93
-63.35	7.45	-18.74
-53.28	8.73	-14.47
-46.75	10.01	-11.60
-47.06	11.54	-10.07
-55.18	12.88	-10.50
-69.03	14.47	-13.00
-77.39	17.21	-17.15
-73.00	22.28	-22.58
-59.57	28.87	-27.65
-44.31	34.24	-28.56
-33.57	36.87	-24.17
-29.79	36.87	-17.27
-32.17	35.28	-10.68
-39.98	33.08	-7.26
-50.54	30.82	-8.79
-76.42	25.51	-16.36
-98.94	24.72	-17.94
-116.76	29.72	-18.98
-102.84	58.84	-23.93
-90.88	74.83	-27.10
-85.33	84.41	-29.42
-83.74	86.24	-31.31
-86.61	82.70	-33.02
-88.01	77.39	-32.35
-76.66	73.36	-28.38
-54.87	71.59	-23.93
-40.47	70.68	-21.91
-47.00	67.08	-23.01
-59.51	59.39	-26.86
-90.76	39.43	-37.17
-91.19	32.23	-42.18
-67.50	28.56	-47.91
-44.68	27.53	-53.41
-33.87	27.40	-56.27
-33.08	25.57	-56.15
-32.17	22.46	-56.34
-13.37	21.73	-58.96
24.60	25.15	-62.38
55.97	29.42	-64.15
57.56	30.33	-62.07
34.00	26.79	-56.15
8.67	21.12	-50.84
1.59	14.40	-50.29
9.22	5.68	-52.61
4.76	-3.11	-51.51
-13.18	-8.18	-44.74
-22.64	-9.83	-38.51
-26.00	-12.39	-37.60
-34.61	-18.62	-39.37
-44.68	-27.10	-40.16
-47.67	-34.55	-39.18
-39.73	-38.94	-37.17
-21.97	-40.28	-34.61
-2.56	-39.86	-30.58
11.11	-40.04	-24.41
17.46	-43.27	-16.36
9.46	-48.16	-7.08
-24.17	-52.37	2.44
-71.23	-56.40	12.27
-102.36	-61.16	21.61
-101.14	-64.88	30.70
-57.98	-50.90	27.40
-18.68	-36.44	26.73
3.23	-28.44	33.45
4.70	-28.50	35.95
-1.28	-30.03	36.44
-4.03	-30.82	34.85
4.15	-29.48	31.86
13.67	-25.82	28.69
18.68	-20.26	26.98
20.69	-14.40	27.59
17.09	-10.13	30.27
16.17	-9.58	32.96
21.18	-13.18	33.87
19.90	-18.80	32.78
11.54	-24.35	31.07
-1.46	-26.79	30.64
-9.03	-24.66	31.49
-1.28	-18.98	31.80
6.10	-5.07	28.63
0.85	-2.87	25.70
4.58	-7.26	22.71
9.70	-15.26	21.55
10.50	-20.14	23.25
8.36	-16.72	25.21
6.90	1.28	22.52
11.23	2.93	20.94
15.38	-1.34	19.35
12.39	-7.14	17.33
1.34	-11.29	15.14
-9.22	-13.49	13.12
-11.47	-13.18	11.96
-4.64	-9.77	11.72
7.81	-4.88	11.78
19.53	0.18	12.27
25.39	6.84	15.08
20.32	5.49	15.69
14.89	1.65	15.44
14.53	-2.87	15.38
20.69	-6.23	15.93
29.17	-6.47	17.46
34.67	-3.11	19.59
34.97	1.89	21.06
32.84	5.00	20.87
34.48	5.07	20.02
42.30	5.07	19.78
57.74	7.45	20.20
80.69	11.23	20.45
98.45	14.28	20.08
97.17	14.04	20.08
78.67	10.07	20.81
58.53	3.85	21.24
50.72	-2.20	21.24
56.76	-4.58	21.61
70.07	-1.71	23.07
86.49	3.17	24.90
103.82	5.55	25.94
113.65	4.46	24.66
106.14	3.78	21.42
86.00	6.71	19.71
70.07	9.83	21.18
67.08	8.91	24.11
72.39	3.91	25.88
78.19	-1.46	24.60
86.06	-3.72	21.36
98.02	-2.87	18.25
106.69	-2.08	16.11
111.33	-4.58	15.62
119.69	-10.38	17.27
125.98	-16.24	19.96
121.58	-19.17	22.16
116.27	-17.70	23.68
120.73	-12.45	25.57
136.66	-5.19	28.02
161.99	2.44	30.94
197.51	8.61	34.48
249.51	13.18	38.57
290.22	17.70	43.21
293.21	20.87	47.73
265.14	21.85	47.67
256.96	25.15	45.90
245.12	31.01	49.13
223.45	35.89	57.07
194.70	36.38	65.12
165.47	32.41	69.89
143.43	27.40	70.98
130.07	24.29	70.62
118.65	24.60	71.41
104.92	27.95	73.85
91.86	32.59	75.87
82.03	35.52	74.77
78.55	34.06	70.74
82.95	29.11	66.28
88.32	24.96	63.17
83.98	25.02	61.28
42.48	30.82	57.31
27.53	30.09	55.60
19.17	26.06	52.43
12.02	19.41	46.51
6.10	11.96	38.94
2.81	6.71	31.56
2.01	6.16	24.84
5.80	11.60	18.92
16.05	20.57	14.95
28.14	27.34	15.38
35.71	28.20	20.75
36.62	24.23	27.65
33.87	18.68	31.37
30.15	12.88	29.11
15.20	6.41	7.87
4.52	5.19	-3.36
-6.16	2.81	-8.79
-16.30	-0.24	-8.18
-23.19	-2.56	-4.46
-22.77	-3.17	-0.37
-15.87	-2.26	3.23
-7.93	-0.79	5.62
-2.32	0.37	5.74
1.95	1.95	4.70
5.74	3.85	5.55
9.16	2.87	9.95
12.39	-1.71	16.60
14.22	-7.08	25.33
13.31	-10.50	35.95
9.52	-10.68	44.92
4.64	-7.45	46.81
0.67	-1.46	38.09
-0.18	6.23	21.79
2.44	14.22	7.02
5.43	19.04	0.43
6.10	19.17	-0.06
4.21	16.72	-0.24
0.12	14.22	-1.83
-5.80	11.66	-2.38
-10.74	9.22	-1.65
-11.96	7.26	-1.65
-0.61	-14.22	10.07
3.97	-13.37	13.55
5.37	-4.33	13.37
6.65	3.48	13.31
8.97	5.07	13.00
6.77	1.10	6.90
6.04	0.00	4.39
6.96	-0.12	3.78
8.85	0.43	4.82
9.52	0.49	5.62
7.45	-1.16	4.21
4.64	-2.44	0.12
5.62	-0.12	-5.00
12.57	5.55	-11.41
24.90	12.70	-20.69
38.64	19.35	-29.97
47.79	23.01	-33.69
49.99	22.28	-30.52
45.41	18.13	-25.57
37.90	12.94	-24.48
35.46	8.24	-28.38
42.42	5.25	-35.03
56.27	5.62	-41.50
70.98	8.79	-46.51
81.85	12.21	-50.66
87.10	13.85	-54.38
88.26	13.00	-56.58
86.98	11.90	-58.17
84.84	14.77	-61.77
86.61	24.60	-68.12
109.74	66.41	-75.87
121.03	79.96	-81.73
128.54	80.20	-89.60
121.15	58.78	-85.94
109.56	50.35	-70.01
97.90	50.42	-51.51
91.74	57.56	-37.66
91.55	65.49	-29.85
93.26	70.13	-23.19
94.24	71.78	-13.12
92.10	72.20	0.55
83.31	72.57	15.56
67.38	74.58	28.87
49.56	78.43	37.48
35.52	82.28	39.98
8.42	81.79	32.71
-11.90	75.56	24.96
-33.33	70.37	18.98
-48.40	70.68	22.16
-47.06	77.76	55.30
-39.31	72.33	67.20
-34.42	57.74	72.14
-38.39	39.92	67.69
-51.39	26.86	54.93
-75.50	18.43	40.16
-104.25	11.29	27.10
-132.57	5.86	8.85
-131.04	0.98	7.87
-124.33	-3.85	10.25
-116.82	-4.33	11.78
-108.09	-1.71	12.27
-94.91	-0.24	13.06
-80.26	0.43	11.54
-78.12	0.55	7.69
-93.63	-2.38	5.74
-118.65	-7.87	6.90
-143.55	-13.61	9.77
-173.10	-22.34	20.08
-199.40	-51.21	47.85
-202.09	-66.35	56.09
-208.56	-68.97	51.33
-234.74	-69.03	42.42
-262.94	-73.79	37.35
-279.85	-80.38	36.25
-287.66	-83.62	38.33
-290.53	-82.70	42.24
-294.07	-80.87	46.63
-297.85	-81.24	50.48
-295.04	-82.95	51.39
-282.59	-83.50	48.34
-261.54	-82.34	43.33
-239.38	-79.71	39.61
-224.61	-75.99	39.43
-219.79	-70.68	42.05
-218.44	-62.13	44.19
-212.83	-51.03	44.68
-207.58	-41.44	45.65
-207.46	-36.19	47.49
-202.51	-34.97	48.16
-167.42	-38.33	41.63
-150.33	-34.42	35.22
-104.25	-10.50	25.33
-98.88	-1.16	31.25
-116.46	-6.29	38.09
-129.64	-11.23	42.79
-131.29	-14.77	41.69
-122.01	-18.37	35.03
-109.19	-20.87	26.37
-97.96	-21.06	20.14
-91.61	-20.20	18.86
-92.41	-20.02	21.24
-100.65	-15.99	25.09
-109.19	-12.57	24.78
-119.26	-14.22	24.78
-120.18	-21.24	24.66
-107.91	-29.05	22.64
-94.18	-32.78	18.62
-88.44	-30.27	15.26
-85.39	-23.38	14.89
-81.05	-15.62	17.27
-72.14	-8.24	20.39
-54.02	-0.49	21.48
-33.39	6.77	19.65
-20.39	11.23	16.24
-13.49	11.84	12.88
-10.07	6.84	7.20
-16.24	3.60	5.13
-22.89	1.95	4.94
-20.08	4.27	6.29
18.98	20.32	3.30
37.35	26.73	-2.38
45.65	27.47	-7.45
44.01	23.32	-9.40
39.49	18.31	-8.42
36.80	16.60	-6.96
30.33	22.16	-6.41
30.46	22.95	-6.59
36.62	20.32	-7.69
41.99	15.01	-9.70
42.36	9.52	-11.29
65.73	12.21	-14.83
123.05	34.24	-24.35
107.30	27.28	-22.40
89.11	15.62	-20.26
92.65	8.67	-22.40
124.15	11.84	-29.36
160.58	22.09	-36.25
171.02	32.35	-37.54
147.58	36.13	-32.41
112.79	31.19	-25.27
87.89	20.39	-20.94
72.27	10.01	-19.35
59.27	4.52	-17.52
48.28	3.85	-13.92
35.10	3.78	-9.22
11.72	-0.37	-3.60
-18.55	-9.22	2.75
-44.43	-18.62	7.81
-62.68	-25.33	10.25
-78.31	-29.79	11.60
-98.94	-32.47	13.49
-97.72	-28.14	13.31
-81.05	-13.49	12.15
-38.45	-6.16	9.77
-29.91	-9.34	9.70
-29.60	-14.28	10.56
-23.86	-15.62	11.11
-10.62	-11.11	10.86
2.87	-3.11	10.19
12.08	4.27	9.52
15.75	7.63	9.22
13.79	5.31	9.28
10.25	-1.83	8.54
9.22	-9.64	6.41
12.76	-13.49	4.03
21.42	-11.60	2.50
30.88	-5.86	2.20
33.26	-0.12	2.20
32.35	3.48	1.04
37.35	6.16	-0.85
43.52	7.93	-2.50
46.26	8.06	-3.78
44.49	6.41	-3.72
35.77	2.14	-1.65
23.68	-4.33	1.65
16.17	-8.91	4.15
18.31	-6.71	5.07
26.25	2.26	5.00
35.03	11.96	3.91
42.11	17.40	1.71
45.90	17.94	-1.40
46.75	16.05	-5.25
44.01	13.61	-8.36
37.96	11.11	-8.42
31.62	8.97	-5.43
28.75	8.18	-1.59
29.05	9.09	0.67
29.72	10.74	0.79
29.97	11.78	-0.73
29.11	11.78	-2.62
26.79	11.29	-3.54
25.70	11.60	-2.99
27.59	14.22	-1.77
31.13	18.37	-0.55
33.81	20.32	0.92
34.61	17.82	2.75
32.78	12.39	3.91
28.20	7.39	3.23
22.52	5.19	1.16
18.19	6.04	-1.46
14.47	8.36	-4.94
9.70	9.89	-8.48
5.25	8.36	-9.89
2.01	4.15	-8.30
0.06	0.12	-5.37
0.85	-0.92	-3.30
4.58	1.83	-3.17
9.03	7.45	-5.00
13.31	13.61	-7.63
17.76	17.94	-9.16
20.57	18.55	-8.12
18.55	14.34	-4.39
11.11	6.65	0.49
1.16	-1.16	3.72
-6.47	-5.74	4.15
-8.48	-5.55	2.69
-6.84	-2.69	0.18
-5.00	-0.55	-2.38
2.26	2.26	-2.14
5.92	4.88	-0.67
2.75	5.80	-0.06
-7.75	3.48	0.18
-19.29	-1.34	0.43
-26.25	-6.04	0.24
-29.60	-8.79	-1.10
-32.53	-9.89	-3.54
-34.00	-10.31	-4.94
-33.08	-9.52	-3.85
-33.39	-6.90	-1.89
-39.73	-4.58	-0.79
-53.53	-6.59	-0.06
-68.24	-13.79	1.16
-76.05	-21.67	2.56
-74.77	-24.35	3.23
-68.60	-20.14	3.05
-62.62	-12.76	2.81
-57.92	-7.26	3.42
-55.97	-5.62	4.64
-58.17	-7.08	6.29
-61.77	-9.89	9.09
-60.73	-12.27	12.02
-54.99	-12.70	12.63
-50.90	-11.41	10.62
-53.16	-6.47	9.28
-53.71	-3.11	11.47
-61.28	-2.26	16.17
-75.99	-14.53	19.29
-65.80	-14.83	19.53
-61.89	-10.07	19.84
-66.41	-0.06	20.02
-65.61	3.54	18.37
-61.16	4.64	15.20
-58.84	3.36	12.39
-62.07	0.98	12.57
-65.61	-0.67	15.81
-64.15	-0.43	18.98
-59.94	1.16	19.41
-56.46	2.69	17.09
-55.05	3.30	14.16
-54.20	3.05	12.88
-40.53	2.50	14.83
-34.42	1.04	13.67
-40.16	-3.36	11.23
-53.41	-9.64	10.07
-65.86	-15.75	11.72
-57.50	-12.21	12.51
-55.11	-9.16	12.08
-60.91	-10.19	13.00
-76.17	-18.98	15.08
-94.73	-26.06	18.68
-109.37	-25.02	20.57
-117.37	-22.95	21.06
-111.39	-21.67	19.59
-95.52	-20.81	16.48
-82.95	-19.59	13.79
-84.23	-19.96	13.92
-97.66	-24.78	17.64
-110.41	-32.47	22.83
-109.13	-38.02	25.39
-93.38	-38.27	22.95
-77.03	-34.61	17.94
-73.12	-31.01	14.95
-74.95	-28.26	15.32
-66.89	-24.90	16.42
-45.53	-20.63	15.81
-18.68	-15.50	13.85
5.74	-10.50	11.23
26.00	-7.14	8.18
45.59	-6.10	5.43
65.61	-5.25	4.15
80.69	-2.75	4.03
84.66	0.06	5.13
84.72	0.12	7.75
91.19	-2.81	10.74
101.20	-5.80	12.94
112.67	-6.90	14.40
123.84	-6.10	15.08
129.76	-3.23	14.77
137.21	1.77	13.00
151.61	8.06	10.19
163.94	12.63	7.45
169.19	12.51	5.74
175.35	9.34	4.76
190.73	8.54	2.62
200.26	11.54	-0.43
181.21	13.92	-1.16
147.28	12.57	1.28
123.17	9.95	3.23
104.13	9.28	3.36
77.45	9.40	4.09
45.65	7.69	6.90
15.87	3.11	10.44
-9.16	-2.50	12.82
-29.97	-6.59	13.79
-51.15	-7.87	13.98
-78.55	-7.39	14.16
-115.84	-7.81	14.83
-162.72	-11.29	15.81
-211.24	-18.49	17.58
-264.04	-30.94	22.95
-258.30	-30.27	21.24
-247.38	-29.79	19.65
-215.27	-27.65	17.70
-164.00	-21.73	13.18
-118.59	-13.79	6.77
-101.68	-9.22	2.75
-104.13	-10.99	3.17
-97.35	-15.75	4.94
-68.24	-17.15	4.21
-22.89	-11.29	0.00
27.59	0.55	-6.04
70.92	12.82	-12.02
119.20	21.18	-18.55
173.65	16.11	-21.79
208.01	17.33	-24.05
282.84	33.75	-28.93
266.54	45.65	-29.60
226.50	37.48	-24.54
211.24	27.34	-19.23
221.37	24.29	-16.30
237.18	29.54	-14.16
218.38	41.93	-7.45
173.46	38.88	-2.56
122.74	20.45	4.52
120.48	14.77	5.68
116.03	11.66	7.14
107.60	7.81	9.09
101.68	3.66	10.68
100.22	2.62	11.54
103.88	5.86	11.60
105.65	10.99	10.68
93.75	12.76	8.48
74.28	9.16	5.62
60.67	4.09	3.11
57.68	1.65	1.65
65.00	2.44	1.16
76.35	5.49	2.38
85.94	9.46	5.43
91.61	13.73	8.79
89.42	18.55	11.11
81.91	22.89	12.02
86.79	26.00	10.38
101.14	27.22	10.13
120.42	29.60	11.35
135.74	33.14	13.24
135.80	36.80	15.20
124.51	39.25	16.78
116.09	40.28	18.25
117.00	40.53	19.29
122.31	38.45	18.92
120.79	30.03	16.48
107.97	16.05	13.24
90.39	3.54	10.56
72.14	-2.32	8.48
54.93	-2.75	6.90
47.36	-1.04	6.96
53.96	2.14	9.64
66.47	6.71	13.92
71.59	8.61	17.09
63.96	3.42	17.27
52.86	-5.13	14.16
46.75	-9.22	9.77
43.46	-6.04	6.29
40.71	0.18	4.27
42.54	5.00	4.21
50.23	8.61	6.53
57.01	13.18	9.70
59.57	18.68	11.47
63.23	23.50	10.38
71.41	26.55	7.93
86.24	28.32	9.28
90.64	35.28	16.85
98.27	43.64	19.17
111.63	52.98	20.26
125.12	60.67	20.08
125.73	63.84	17.94
103.82	58.17	13.18
62.50	42.91	6.41
15.14	24.96	-0.37
-23.44	13.98	-5.13
-43.95	12.70	-7.45
-46.14	16.05	-7.69
-36.38	18.62	-6.35
-23.44	19.10	-4.52
-14.77	18.43	-2.75
-12.08	17.88	-1.71
-12.88	17.64	-2.08
-19.17	16.11	-3.78
-36.19	11.72	-7.20
-61.04	5.00	-10.56
-85.82	-1.46	-11.54
-103.64	-6.10	-9.89
-111.88	-9.52	-7.39
-114.44	-12.27	-6.35
-118.59	-15.38	-8.06
-129.21	-20.02	-12.08
-143.13	-26.31	-16.48
-151.67	-31.37	-17.21
-149.60	-31.43	-12.88
-137.15	-27.10	-7.02
-118.41	-21.97	-3.17
-102.84	-18.43	-1.28
-95.28	-17.03	0.18
-86.67	-16.11	1.65
-67.99	-12.94	2.93
-39.98	-6.53	3.97
-8.79	2.01	4.52
15.62	10.31	4.82
29.36	15.81	5.37
39.37	18.68	6.29
50.72	21.30	8.06
63.54	24.84	10.31
74.89	27.95	12.45
82.03	27.53	14.53
82.34	23.13	16.05
64.21	15.62	14.22
62.07	17.33	11.41
68.79	21.97	9.70
81.60	26.73	9.89
91.06	28.87	10.50
81.73	25.27	8.97
50.66	16.24	4.15
13.37	6.53	-2.62
-11.17	0.49	-8.67
-15.62	-0.79	-11.66
-8.48	1.46	-11.78
3.85	7.26	-12.57
8.36	8.00	-17.64
3.97	3.72	-27.71
-4.39	0.85	-22.58
-0.67	2.56	-16.30
8.91	6.16	-9.34
24.05	12.27	-4.03
40.65	19.65	-1.77
51.94	24.84	-2.20
57.13	26.18	-4.88
60.79	24.96	-7.63
67.26	23.56	-8.42
78.00	24.05	-7.08
92.16	27.04	-4.82
112.24	32.71	-1.83
142.09	40.22	2.08
177.55	48.16	6.59
212.22	55.91	12.08
237.85	61.77	17.27
237.30	62.32	18.43
206.36	56.27	13.31
167.18	47.73	4.21
143.62	42.42	-4.70
142.15	42.18	-9.83
158.75	45.41	-9.34
184.33	50.48	-4.52
203.61	53.59	2.81
202.03	49.62	10.56
172.18	39.25	14.77
122.86	28.81	13.43
79.77	21.67	9.70
60.67	16.05	8.12
59.45	10.93	8.85
61.28	7.02	8.67
58.35	5.25	8.00
49.56	7.81	8.24
35.77	12.57	7.02
22.77	14.28	3.36
18.19	13.79	-2.62
22.09	14.28	-10.07
30.52	16.11	-15.01
39.86	16.78	-14.04
43.64	13.92	-8.06
42.11	9.52	-0.37
39.18	5.74	5.43
34.42	0.31	6.41
32.23	-8.06	2.56
35.16	-16.97	-3.05
37.48	-24.17	-7.45
35.58	-28.20	-8.30
31.25	-28.14	-4.27
29.72	-26.92	2.56
35.10	-29.17	7.32
36.93	-33.63	6.04
20.39	-33.94	-1.95
-22.22	-21.00	-24.54
-20.63	-10.80	-26.73
-11.05	0.98	-23.68
-2.81	10.31	-18.92
-0.73	13.31	-14.04
-3.48	8.91	-11.23
-8.12	0.43	-13.31
-16.36	-5.07	-20.20
-27.65	-1.83	-29.36
-31.43	6.41	-37.84
-26.92	12.02	-40.89
-22.16	13.12	-35.71
-17.52	12.33	-27.04
-13.92	11.60	-21.73
-17.52	12.33	-21.36
-46.75	11.78	-22.34
-47.91	8.24	-20.87
-36.01	7.14	-20.08
-18.01	9.16	-18.86
3.17	10.86	-14.34
23.01	12.63	-5.55
34.73	16.97	4.76
36.01	21.67	11.72
29.17	22.28	11.84
19.17	17.40	6.04
11.35	9.89	-1.40
8.73	4.27	-5.49
9.03	3.23	-3.42
11.11	5.55	3.97
17.58	8.30	11.35
29.42	8.85	13.43
43.46	5.86	10.44
62.56	-3.66	6.65
62.50	-1.16	11.60
65.25	5.43	13.43
75.99	11.47	13.31
88.87	14.40	10.44
96.50	13.92	6.53
91.67	10.44	4.88
77.15	1.59	6.04
65.61	-14.28	8.30
63.11	-28.93	8.42
69.34	-29.72	3.97
84.84	-16.60	-3.23
108.03	-2.01	-8.97
130.43	5.98	-10.44
143.55	9.40	-8.42
148.86	13.55	-5.37
150.88	19.96	-3.36
151.00	24.29	-2.56
150.21	22.52	-2.20
150.21	15.75	-3.11
151.49	8.30	-5.62
151.79	4.52	-7.14
149.41	5.43	-7.57
146.30	10.68	-10.74
141.72	20.45	-18.01
129.76	32.65	-25.02
110.11	39.49	-25.21
89.60	34.48	-16.48
73.43	20.32	-4.70
62.26	7.81	2.93
53.59	7.32	5.92
46.57	18.25	6.90
42.66	32.41	5.43
34.85	48.83	-9.52
-11.11	57.25	-23.56
-30.70	60.18	-20.87
-43.88	59.33	-19.96
-48.40	57.37	-24.23
-49.19	56.34	-34.12
-51.57	53.22	-45.53
-54.32	45.78	-51.94
-55.97	39.73	-49.87
-69.09	52.61	-32.65
-78.86	59.27	-26.55
-82.58	48.22	-21.91
-72.51	41.75	-20.14
-54.44	43.95	-15.50
-45.41	46.51	-11.23
-44.37	42.79	-9.83
-47.91	39.79	-7.63
-54.08	39.43	-3.54
-55.91	40.59	2.50
-46.51	41.93	9.22
-29.17	43.76	14.53
-17.27	44.80	17.33
-20.94	42.85	17.94
-37.54	38.64	17.15
-57.01	34.00	15.50
-70.13	29.05	14.71
-74.83	23.62	16.85
-76.78	19.04	22.16
-80.99	16.36	27.40
-83.62	14.22	28.87
-83.31	12.63	26.92
-88.81	13.92	26.61
-105.53	16.48	31.74
-128.36	15.44	39.43
-147.64	9.70	43.70
-155.64	2.44	41.99
-154.48	-3.60	36.68
-150.76	-9.28	27.65
-163.21	-6.10	25.94
-161.19	-0.73	42.91
-150.15	1.59	55.30
-125.24	8.24	55.30
-121.28	12.39	43.03
-129.39	19.47	33.33
-152.22	30.52	32.10
-129.09	25.09	20.45
-110.84	17.88	13.61
-111.39	10.25	8.54
-112.37	8.54	9.46
-104.19	4.82	12.39
-85.63	-3.05	5.49
-61.16	-3.91	-11.11
-50.48	-8.85	-0.55
-57.19	-13.98	11.17
-74.34	-19.59	21.36
-96.31	-26.12	27.53
-128.60	-36.68	31.62
-171.94	-53.34	39.25
-211.73	-73.73	53.77
-231.93	-93.87	71.90
-225.28	-118.16	98.33
-236.69	-118.53	103.52
-258.97	-115.91	105.10
-277.59	-113.40	106.32
-284.18	-108.46	108.58
-277.83	-97.41	108.76
-255.86	-81.36	103.33
-219.91	-64.27	92.22
-182.74	-47.79	78.00
-152.71	-31.98	62.99
-133.00	-18.13	49.80
-122.86	-1.53	41.93
-129.39	-3.36	54.32
-135.86	-7.57	58.23
-166.02	-14.83	52.67
-186.58	-26.31	27.40
-182.98	-23.01	13.12
-134.52	-9.83	9.83
-91.25	-3.48	4.88
-80.02	-1.46	3.48
-68.30	1.83	2.20
-55.48	4.82	1.04
-43.88	5.92	0.67
-37.29	5.13	1.83
-42.97	3.05	4.09
-60.42	0.43	4.09
-74.71	-1.46	-0.61
-72.08	-1.83	-7.93
-54.81	-0.49	-13.98
-32.59	2.44	-16.48
-11.35	5.49	-15.62
-14.40	2.62	-6.90
-43.95	-5.62	-2.75
-79.53	-16.97	-1.10
-98.02	-27.53	-1.71
-88.13	-31.49	-3.54
-61.65	-26.73	-4.52
-34.61	-17.21	-3.97
-19.17	-8.24	-3.23
-16.85	-3.54	-3.05
-19.10	-3.36	-2.44
-23.13	-4.76	0.37
-26.12	-6.53	4.76
-8.00	-10.01	3.78
27.28	1.53	-4.58
30.52	7.51	-5.31
6.53	-0.98	-3.78
-3.05	-7.81	-0.31
-9.52	-9.58	3.23
-19.78	-8.18	5.62
-31.43	-6.23	7.39
-40.10	-2.69	8.79
-43.21	1.83	8.18
-39.86	3.91	4.46
-38.02	2.38	-0.55
-40.65	-0.43	-4.27
-39.18	-1.10	-5.86
-28.08	0.98	-6.16
-9.22	3.91	-6.71
12.57	6.65	-7.87
33.45	10.50	-9.09
45.53	15.56	-10.13
41.50	18.49	-10.01
24.72	16.48	-7.63
5.86	11.54	-3.48
-2.93	8.06	0.43
5.31	8.30	1.53
24.35	11.11	-0.49
42.18	14.40	-3.36
54.26	17.33	-4.76
64.09	18.98	-4.52
72.20	18.74	-3.48
74.77	16.30	-2.01
70.86	12.39	0.18
61.28	7.45	3.23
50.42	0.73	6.47
44.31	-6.47	8.85
42.05	-10.44	10.62
40.65	-9.77	12.70
39.12	-7.20	15.26
34.42	-6.84	17.82
25.82	-11.05	19.96
15.99	-17.46	21.79
8.42	-21.36	23.32
4.58	-21.06	24.84
1.34	-17.76	27.95
-6.47	-13.55	33.26
-18.92	-10.38	39.55
-29.30	-9.22	43.76
-32.84	-9.77	43.82
-33.20	-10.13	41.75
-34.06	-10.19	39.49
-34.79	-11.29	38.02
-36.07	-12.51	38.57
-41.81	-11.35	42.11
-77.39	-7.87	55.36
-100.77	-22.22	55.91
-60.30	-15.56	47.91
-29.54	15.20	45.84
-38.15	11.96	51.45
-31.56	6.71	48.89
-13.98	0.18	43.88
-8.18	1.83	46.63
-4.33	2.93	45.96
6.53	3.54	42.48
20.45	5.07	37.90
31.49	6.16	33.63
36.56	4.27	31.74
29.72	1.22	36.50
8.73	1.59	48.46
2.93	6.16	58.78
31.19	12.70	57.19
65.06	17.94	43.03
86.85	17.70	25.57
97.78	11.78	13.98
95.58	4.09	10.01
88.01	-0.98	10.56
86.98	-0.55	12.70
95.28	5.37	15.38
111.02	11.35	18.01
127.20	12.21	18.49
136.96	9.46	15.08
142.70	8.30	8.73
143.68	11.23	2.44
135.80	16.60	-1.83
127.01	21.48	-3.72
129.39	25.39	-1.65
142.27	29.60	5.13
158.75	33.45	11.23
179.14	35.71	11.72
204.77	36.93	10.44
226.50	39.92	11.60
231.20	46.87	11.17
216.86	55.18	7.57
206.97	57.25	1.34
232.85	55.85	-0.49
267.46	59.75	-0.49
316.04	83.01	17.40
313.35	94.73	35.71
303.28	104.19	45.65
288.94	111.08	40.89
276.12	112.00	26.92
272.52	104.55	10.86
275.21	90.88	-2.81
273.38	77.39	-11.60
262.33	70.13	-14.77
249.57	71.66	-13.31
240.60	79.41	-8.06
230.65	88.01	-1.77
196.23	90.64	-6.35
175.17	80.32	-18.43
155.27	65.12	-31.43
139.16	49.50	-39.73
126.71	37.84	-39.98
123.41	34.06	-34.97
134.28	39.25	-29.91
151.31	49.19	-24.84
162.90	57.19	-16.66
164.86	58.72	-7.02
158.08	53.65	-0.73
145.32	45.17	0.00
131.84	37.11	-2.99
121.46	30.88	-6.71
95.03	27.71	-9.58
107.36	30.09	-16.72
104.37	28.44	-15.38
81.18	22.34	-8.12
49.93	15.32	-0.61
26.00	10.13	-0.12
41.75	10.99	-5.49
61.34	21.00	-10.93
76.72	28.38	-18.25
90.88	34.06	-27.28
86.85	40.22	-31.37
71.90	39.37	-25.94
62.68	33.33	-19.59
80.69	35.77	-19.78
88.75	35.52	-16.17
85.33	29.30	-8.42
67.38	21.00	0.73
15.93	20.69	7.63
-2.14	23.99	2.93
-8.54	23.74	-5.00
-1.28	22.34	-13.55
17.27	23.01	-20.57
39.98	25.82	-24.78
57.74	28.32	-24.84
64.27	28.32	-18.25
60.12	27.95	-7.02
47.30	31.56	1.71
30.27	37.78	2.08
18.19	40.53	-7.45
16.36	37.35	-23.32
24.48	31.86	-35.95
36.80	27.89	-36.74
44.74	23.80	-25.51
43.40	16.11	-8.54
32.29	5.98	6.59
-5.55	0.49	13.85
-41.32	26.55	3.54
-58.11	35.83	-0.06
-77.64	36.74	-1.53
