-147.58	-117.68	-21.00
-147.58	-117.68	-21.00
-139.34	-112.24	-33.81
-128.66	-108.64	-43.88
-114.99	-106.99	-48.83
-99.98	-105.16	-46.81
-88.68	-100.71	-38.76
-84.59	-93.63	-27.77
-84.72	-85.02	-18.01
-84.53	-75.26	-13.31
-81.97	-65.00	-15.75
-72.81	-55.18	-24.48
-56.46	-46.69	-35.28
-38.94	-40.77	-41.93
-26.43	-37.78	-40.22
-20.20	-34.55	-30.33
-17.52	-27.59	-17.64
-19.90	-19.29	-9.34
-28.63	-14.71	-8.67
-45.78	-18.55	-16.91
-51.82	-22.71	-18.31
-57.92	-26.67	-16.91
-62.99	-29.66	-14.53
-66.96	-32.10	-12.88
-72.02	-34.67	-11.72
-78.12	-37.23	-9.89
-81.91	-38.82	-6.96
-78.06	-38.39	-4.94
-66.65	-35.58	-6.35
-54.63	-31.92	-11.23
-48.58	-30.15	-17.40
-52.43	-32.47	-22.52
-65.43	-38.70	-25.15
-80.08	-45.90	-25.21
-106.63	-51.09	-21.67
-118.35	-50.96	-19.35
-117.55	-51.57	-17.88
-104.61	-52.43	-17.76
-93.44	-53.41	-18.43
-93.87	-56.15	-19.84
-117.92	-69.21	-22.03
-126.10	-75.01	-19.96
-123.96	-75.99	-16.24
-114.38	-70.37	-12.57
-103.39	-59.33	-10.50
-92.22	-47.12	-10.93
-65.06	-34.97	-19.04
-50.29	-37.29	-23.68
-33.87	-40.89	-25.51
-15.01	-39.73	-22.64
2.50	-31.49	-13.31
20.26	-14.40	0.92
38.94	11.60	9.16
54.08	36.50	4.03
69.64	51.51	-6.10
88.07	58.35	-10.86
112.30	64.27	-10.62
150.15	77.64	-11.54
208.31	102.36	-17.52
288.76	137.15	-28.02
479.43	231.99	-42.66
640.50	324.95	-26.79
695.37	351.62	-12.94
727.42	344.36	5.62
708.74	321.66	7.93
677.31	298.40	9.28
636.96	273.44	13.85
585.39	238.83	19.71
498.41	185.67	25.15
368.10	117.98	32.84
221.44	50.35	45.53
71.41	-10.56	63.35
-83.13	-64.03	81.85
-240.54	-106.45	94.36
-391.54	-138.06	99.18
-512.15	-164.98	100.65
-594.60	-191.59	102.78
-653.99	-218.38	107.60
-689.21	-243.29	113.10
-694.70	-263.67	115.05
-685.00	-278.44	114.69
-684.20	-286.13	117.07
-695.74	-284.97	123.35
-688.05	-276.25	127.75
-640.81	-263.06	123.96
-573.85	-247.19	112.00
-508.67	-227.36	96.31
-434.81	-196.96	78.06
-347.90	-158.81	58.04
-256.16	-128.23	37.90
-168.27	-112.06	20.26
47.06	-46.75	15.38
111.94	-14.10	19.71
164.43	13.06	15.01
205.02	31.19	2.38
240.48	44.19	-9.77
272.03	57.80	-16.24
301.39	71.59	-18.62
337.71	81.85	-18.55
383.73	88.38	-15.08
428.10	94.30	-7.08
463.44	102.54	2.93
490.42	113.53	10.99
507.81	126.83	16.11
516.72	141.54	19.10
521.18	155.33	20.81
525.88	165.59	22.71
531.37	169.80	26.00
526.98	166.44	30.03
500.43	156.31	33.57
453.49	142.27	35.58
397.52	129.33	35.89
338.44	121.46	35.58
278.44	118.10	35.34
224.67	113.16	33.26
179.38	101.38	28.14
141.05	84.41	22.64
116.27	69.46	21.30
94.06	57.86	24.78
65.19	46.39	28.99
47.49	35.34	26.86
43.52	26.31	15.20
43.21	21.73	0.24
40.83	21.85	-8.91
28.32	20.63	-10.44
3.05	12.08	-9.46
-30.76	-2.56	-9.52
-65.49	-15.44	-10.01
-91.19	-19.96	-8.48
-103.82	-18.80	-4.15
-100.46	-19.17	0.31
-86.43	-24.05	1.10
-75.50	-30.52	-2.01
-68.91	-34.12	-6.16
-60.61	-33.02	-9.09
-49.26	-27.83	-10.13
-37.48	-20.20	-9.16
-27.65	-12.51	-6.96
-20.02	-7.14	-5.07
-16.48	-5.25	-4.58
-18.19	-6.29	-4.88
-22.34	-8.73	-4.33
-28.14	-11.41	-2.62
-37.17	-14.40	-0.85
-48.16	-17.52	-0.73
-57.25	-20.02	-2.69
-60.79	-21.24	-6.10
-59.39	-21.00	-9.28
-55.60	-19.53	-10.99
-51.15	-18.07	-10.86
-47.06	-18.13	-9.16
-43.46	-19.65	-7.02
-39.06	-20.69	-3.17
-40.47	-18.19	-1.40
-46.57	-15.01	-0.98
-55.97	-13.73	-2.81
-65.67	-16.11	-6.41
-74.95	-22.34	-9.64
-89.42	-43.03	-6.65
-90.15	-52.67	-1.95
-88.26	-58.59	1.28
-86.49	-60.61	1.95
-84.53	-60.30	1.16
-82.82	-60.79	0.55
-81.79	-64.76	1.53
-82.64	-71.35	4.64
-88.56	-77.27	9.46
-101.20	-80.20	14.34
-116.39	-80.63	16.91
-125.79	-80.02	15.26
-122.25	-77.51	9.22
-107.85	-70.92	0.85
-95.03	-61.46	-6.16
-90.03	-54.14	-8.85
-86.30	-52.61	-6.41
-77.82	-54.99	-2.14
-66.89	-56.52	-0.61
-56.21	-54.20	-3.72
-45.04	-48.28	-11.47
-35.28	-41.44	-23.62
-28.69	-36.93	-39.18
-22.95	-36.50	-55.54
-14.34	-38.88	-69.64
-4.76	-39.92	-79.28
4.64	-35.71	-85.51
21.48	-23.68	-95.15
40.28	-3.85	-109.62
55.85	22.46	-119.02
93.57	58.17	-115.54
168.09	108.70	-103.33
262.94	174.19	-94.36
364.14	245.18	-93.02
464.60	306.34	-87.65
549.56	345.21	-63.84
602.78	357.36	-22.16
621.15	342.96	21.85
604.37	305.42	53.22
547.67	253.42	69.27
459.78	196.72	75.93
356.08	140.20	78.86
244.02	85.33	80.14
130.43	32.96	78.49
21.91	-15.38	72.88
-77.88	-57.01	64.09
-167.18	-88.75	55.73
-248.29	-110.17	51.45
-325.13	-124.69	52.00
-398.07	-134.95	54.32
-466.19	-142.76	55.79
-579.28	-165.41	61.71
-605.90	-179.81	70.37
-602.29	-191.04	79.47
-586.18	-195.25	84.05
-573.85	-191.28	82.95
-552.12	-180.11	78.19
-515.93	-165.22	71.41
-476.56	-151.12	63.05
-435.49	-139.89	54.57
-385.68	-128.66	49.13
-328.12	-113.04	46.81
-224.49	-70.92	39.12
-198.43	-53.53	32.65
-199.40	-47.06	33.39
-189.58	-48.46	40.16
-151.18	-48.28	42.05
-114.75	-43.33	33.69
-100.65	-36.62	19.23
-101.01	-30.09	6.71
-102.97	-23.44	1.89
-100.04	-16.24	4.15
-93.44	-9.46	9.03
-83.62	-4.70	12.88
-70.01	-2.26	14.04
-64.51	-1.46	11.78
-76.17	-2.69	7.57
-93.69	-7.75	4.39
-102.29	-16.78	5.00
-91.13	-30.03	14.22
-78.37	-28.93	17.52
-55.18	-24.54	18.31
-25.82	-17.94	15.62
-8.54	-9.52	9.58
-11.72	-1.71	3.05
-23.56	0.73	-0.37
-33.81	-4.70	0.18
-55.60	-25.76	4.39
-35.77	-32.59	7.14
-7.93	-26.49	9.09
21.36	-13.55	9.40
52.49	3.66	7.81
90.09	20.63	5.49
139.22	32.84	2.26
198.24	38.27	-5.25
256.10	37.05	-18.19
299.74	31.49	-28.63
324.22	27.22	-26.25
334.35	29.17	-10.62
345.52	37.41	8.42
368.65	50.29	20.87
391.24	67.38	25.39
404.30	87.46	27.59
417.85	108.40	30.64
437.99	129.94	31.80
457.52	153.08	27.71
474.00	179.14	20.26
494.93	205.99	14.95
519.96	226.44	14.28
534.91	231.14	15.50
522.40	215.03	15.81
478.64	181.82	16.11
423.34	146.67	18.92
382.81	129.39	25.09
346.98	169.98	50.54
317.02	185.36	57.37
287.29	176.15	52.37
269.23	156.43	42.60
253.85	140.75	37.35
234.19	130.49	37.60
205.20	119.69	39.12
158.02	103.27	38.88
98.69	78.06	36.07
45.72	43.76	31.19
10.56	9.46	25.57
-8.79	-9.70	19.65
-21.79	-9.22	13.00
-28.38	0.24	5.98
-22.03	6.41	-0.18
-3.36	-4.46	-11.84
-8.73	-16.91	-14.28
-18.49	-25.82	-10.13
-24.29	-25.88	-2.69
-20.39	-17.70	2.56
-16.11	-7.69	3.72
-16.78	-2.14	2.20
-14.77	-1.77	-0.06
-7.51	-3.60	-1.65
-1.10	-4.88	-2.75
-2.38	-4.94	-4.58
-14.16	-4.58	-7.32
-26.43	-4.94	-9.77
-25.02	-5.92	-9.89
-16.30	-5.00	-8.30
-10.80	-1.04	-7.32
-6.53	2.20	-7.57
-4.27	0.24	-7.87
-9.16	-5.98	-7.32
-22.28	-13.24	-6.35
-39.31	-19.04	-5.37
-51.45	-22.16	-3.48
-52.25	-21.30	-0.61
-42.79	-15.87	2.14
-26.86	-7.63	3.66
-9.58	0.43	3.72
2.87	5.19	2.87
7.26	5.31	1.59
4.88	2.87	0.73
-0.31	1.28	0.18
-8.36	1.46	-0.98
-17.46	0.73	-3.42
-23.74	-3.48	-6.10
-30.21	-11.17	-7.45
-36.99	-20.75	-7.08
-40.89	-30.82	-6.16
-42.11	-38.02	-5.92
-41.75	-39.61	-5.86
-38.94	-36.32	-4.88
-33.14	-31.19	-3.78
-25.63	-26.31	-3.91
-16.91	-20.57	-5.62
