-69.15	-41.14	6.90
-69.15	-41.14	6.90
-78.67	-47.18	-0.24
-89.84	-53.16	-6.47
-104.49	-58.96	-7.57
-125.12	-65.61	-1.59
-149.78	-74.89	9.09
-168.64	-86.55	18.31
-181.58	-98.27	19.90
-211.12	-114.75	3.05
-232.12	-117.80	-7.32
-249.45	-117.31	-4.15
-267.40	-117.80	2.81
-279.97	-118.96	10.93
-279.60	-117.98	17.03
-252.99	-112.67	18.01
-200.56	-103.27	12.82
-147.16	-90.27	2.38
-79.96	-58.29	-25.63
-49.01	-45.90	-36.07
-21.30	-38.02	-40.77
-11.05	-34.24	-38.51
-19.71	-35.22	-29.54
-33.69	-39.98	-17.15
-45.17	-43.76	-7.39
-54.26	-43.27	-4.21
-60.79	-39.79	-6.65
-62.44	-36.38	-10.93
-59.63	-34.55	-14.47
-56.40	-34.12	-15.93
-46.39	-33.63	-10.25
-37.05	-29.91	-5.49
-24.66	-22.52	-1.83
-11.05	-12.76	0.00
2.69	-3.30	0.37
13.55	2.87	-0.67
16.78	3.91	-2.87
10.50	-0.55	-5.55
-2.69	-8.73	-7.63
-18.49	-17.76	-8.97
-32.65	-24.54	-9.83
-40.59	-26.37	-9.64
-38.39	-22.52	-8.30
-25.39	-14.47	-7.26
-7.02	-5.13	-7.93
11.05	2.69	-9.64
24.11	7.69	-11.29
27.71	9.22	-12.08
22.03	6.59	-11.60
10.80	0.49	-10.31
-4.21	-6.96	-9.16
-21.36	-13.67	-8.12
-36.07	-17.94	-6.53
-43.52	-19.47	-4.58
-42.66	-19.35	-3.60
-36.32	-19.23	-4.94
-29.91	-20.57	-8.97
-40.71	-30.94	-18.25
-57.86	-39.98	-19.10
-71.66	-48.34	-16.91
-76.05	-51.70	-13.92
-72.45	-49.44	-12.57
-66.59	-45.41	-14.04
-64.09	-44.68	-18.74
-64.15	-48.71	-25.88
-60.36	-53.89	-33.39
-49.99	-54.08	-39.18
-9.83	-31.98	-41.26
16.91	-16.91	-40.83
44.86	-5.55	-42.66
71.29	2.38	-46.87
94.36	11.54	-50.05
118.47	27.65	-48.34
152.77	53.28	-41.63
204.16	86.12	-33.87
270.51	122.68	-32.41
343.44	161.25	-39.37
418.52	198.67	-47.85
490.42	230.90	-50.72
552.25	258.48	-45.29
602.11	284.24	-32.35
636.72	304.50	-15.26
650.70	309.63	1.65
640.20	294.49	14.16
602.23	260.99	21.85
541.20	214.84	26.92
455.08	161.01	29.36
321.53	100.83	30.70
144.41	35.28	36.99
-35.22	-30.21	52.61
-199.83	-87.16	75.87
-353.45	-131.71	100.89
-480.10	-164.86	120.24
-564.45	-187.32	129.94
-628.78	-209.05	118.41
-677.00	-225.10	95.40
-607.48	-232.48	94.18
-555.91	-201.42	101.99
-378.23	-123.84	83.86
-234.99	-89.11	39.06
-183.17	-77.03	20.26
-137.82	-65.19	13.37
-106.14	-52.25	18.68
-75.01	-39.43	26.67
-27.77	-28.38	25.51
30.21	-20.63	12.51
87.52	-15.75	-7.08
132.08	-9.09	-24.60
191.28	20.02	-30.70
235.90	36.56	-23.99
294.31	50.23	-17.88
360.47	61.71	-13.49
421.75	72.51	-9.83
455.44	82.64	-4.33
455.26	93.93	3.97
447.69	113.77	9.03
431.58	127.93	5.19
385.13	106.87	-5.31
337.04	60.91	-15.56
305.54	26.73	-13.98
279.42	20.32	1.65
267.21	31.80	18.86
273.62	44.92	28.63
286.99	54.38	32.96
292.91	63.84	37.23
289.00	75.81	42.11
284.97	87.95	43.15
284.48	95.70	37.23
282.96	96.50	26.92
277.16	93.08	18.19
267.58	93.14	16.30
252.87	102.29	22.03
224.55	114.93	29.30
182.13	120.24	30.76
138.18	113.71	25.94
110.78	98.69	20.32
112.37	85.88	19.23
128.48	84.35	23.44
134.28	92.04	30.03
125.55	98.82	35.28
107.42	96.50	37.60
81.12	83.74	36.19
33.57	62.56	28.75
-61.16	7.81	3.17
-93.93	-16.48	2.08
-100.16	-30.58	0.12
-96.92	-39.61	-0.92
-95.28	-44.86	-0.92
-98.02	-48.28	-0.61
-101.44	-49.38	0.00
-103.76	-49.01	1.71
-103.21	-48.71	4.94
-96.19	-47.06	8.97
-62.87	-27.59	12.33
-44.49	-13.31	8.18
-30.64	-5.80	1.77
-24.23	-9.77	-3.48
-29.36	-23.68	-5.74
-49.99	-42.36	-6.04
-127.14	-76.84	-1.65
-164.55	-89.17	4.70
-193.48	-99.37	13.49
-221.62	-111.69	22.71
-254.76	-129.76	29.48
-291.08	-152.89	32.90
-330.32	-178.47	34.61
-385.93	-203.92	35.52
-455.87	-225.46	32.47
-404.36	-246.89	2.26
-301.64	-245.24	-17.33
-211.73	-230.04	-37.84
-131.04	-194.40	-62.50
-47.36	-132.14	-89.54
56.95	-43.70	-114.87
356.51	166.50	-151.67
652.77	344.91	-166.50
771.55	405.82	-148.07
852.48	437.44	-104.13
866.46	429.69	-49.74
814.94	384.89	-6.96
718.57	317.81	16.91
590.27	240.97	31.56
434.27	162.05	46.94
254.46	87.89	61.04
64.70	22.34	66.28
-114.20	-35.64	61.77
-269.04	-86.67	55.11
-397.16	-128.11	54.20
-492.19	-156.25	60.55
-545.10	-170.96	68.85
-564.21	-176.27	73.06
-560.18	-176.94	70.98
-545.90	-175.60	64.09
-544.19	-173.40	57.56
-556.15	-169.98	55.11
-558.35	-163.94	56.40
-531.74	-154.42	58.41
-485.84	-142.52	57.68
-447.02	-130.68	54.20
-425.72	-120.54	51.03
-414.55	-112.79	50.05
-401.00	-106.93	50.48
-369.57	-100.34	49.50
-315.98	-89.90	45.53
-256.71	-74.52	40.41
-207.76	-56.58	36.38
-170.84	-41.93	34.91
-132.08	-34.48	35.77
-85.27	-30.94	34.12
-49.93	-27.04	25.70
-30.40	-24.29	16.11
2.14	-18.80	17.58
-12.70	0.06	25.57
-26.61	6.41	24.29
-32.71	7.63	18.43
-12.63	6.29	16.66
29.11	3.30	16.48
47.06	0.67	15.26
62.74	0.49	11.90
62.93	3.78	8.12
54.08	7.39	5.25
54.81	9.83	1.65
57.56	8.91	-2.75
58.41	1.16	-3.30
119.69	-17.76	17.64
189.39	-9.52	29.17
283.14	16.60	33.08
392.27	56.58	30.21
491.46	102.42	23.56
558.47	144.04	15.99
591.31	174.62	11.11
602.17	193.97	10.44
596.80	211.73	18.19
582.70	210.21	21.97
559.33	201.48	20.87
531.25	190.55	14.71
502.99	183.35	7.87
486.39	188.17	7.87
477.60	207.34	21.00
447.69	223.33	43.09
399.05	220.09	61.34
353.58	201.35	69.52
309.33	177.25	71.90
260.80	156.86	73.97
214.17	145.69	72.69
173.52	138.73	61.95
133.18	124.45	44.25
91.13	95.95	27.83
51.57	59.88	17.27
16.78	28.56	12.45
-12.27	5.49	10.99
-32.23	-12.57	10.13
-40.28	-26.25	9.46
-41.56	-34.85	8.91
-37.05	-38.39	7.39
-0.73	-26.61	3.66
14.59	-9.83	18.01
-7.87	-18.01	24.35
-31.37	-26.25	15.38
-31.31	-24.35	12.94
-22.28	-20.63	11.90
-9.70	-15.01	11.11
3.30	-7.51	9.03
13.49	0.61	5.98
18.37	6.90	3.05
17.09	10.01	0.61
9.95	10.50	-1.59
0.06	9.77	-4.33
-8.48	9.03	-7.63
-14.22	8.73	-10.80
-17.64	8.42	-13.24
-20.75	7.26	-14.95
-25.15	5.07	-16.42
-29.24	3.17	-17.70
-30.09	2.62	-18.74
-26.98	3.54	-18.68
-23.62	5.86	-16.24
-27.65	8.85	-6.65
-28.93	7.63	-3.66
-28.69	5.49	-3.42
-30.40	2.32	-5.31
-33.45	-2.56	-8.12
-38.33	-9.58	-10.74
-43.82	-17.46	-12.02
-45.04	-23.56	-11.35
-40.59	-25.15	-9.16
