-29.48	-21.61	8.30
-49.38	-27.53	11.84
-74.34	-33.08	13.67
-94.67	-37.60	15.14
-106.69	-41.87	17.46
-113.22	-46.94	20.02
-116.21	-52.43	21.12
-113.95	-56.76	19.84
-108.09	-58.53	16.66
-103.76	-57.43	13.12
-104.31	-54.44	10.38
-113.46	-51.33	9.70
-131.41	-51.21	11.72
-154.36	-58.35	16.11
-180.54	-73.91	22.16
-208.74	-92.71	28.63
-233.34	-106.87	32.96
-250.73	-112.85	32.90
-264.83	-113.59	28.87
-276.67	-114.81	23.32
-272.28	-129.82	14.59
-271.97	-140.69	14.40
-281.86	-149.48	18.01
-289.43	-152.28	23.32
-283.87	-144.35	27.10
-267.27	-127.08	26.86
-242.37	-109.80	21.18
-212.40	-99.85	11.96
-185.24	-96.80	3.72
-162.54	-96.37	-1.77
-143.80	-94.36	-5.07
-130.00	-88.32	-6.29
-113.77	-78.55	-5.68
-87.28	-67.08	-5.86
-60.12	-56.21	-9.70
-46.26	-48.89	-15.93
-46.57	-46.87	-20.26
-58.53	-49.62	-18.31
-78.92	-54.87	-9.22
-99.12	-60.06	1.83
-112.00	-62.99	8.42
-116.09	-63.11	9.09
-113.77	-60.42	6.59
-106.14	-54.81	3.42
-94.91	-48.10	0.24
-83.01	-44.37	-3.66
-72.57	-45.90	-8.73
-63.96	-50.35	-14.53
-57.86	-52.92	-19.41
-54.50	-51.45	-22.22
-48.77	-42.60	-24.17
-38.09	-37.54	-25.82
-19.04	-30.33	-27.59
3.48	-19.53	-28.38
21.85	-7.14	-27.95
28.63	-0.73	-26.12
-5.00	-18.98	-18.62
-19.47	-24.72	-12.76
-23.25	-23.32	-10.07
-13.37	-13.98	-12.94
5.80	-0.12	-19.96
24.96	10.07	-26.86
33.39	1.95	-25.76
26.31	-6.04	-16.17
23.62	-7.63	-7.32
27.10	-4.82	-5.43
37.48	-2.32	-13.67
54.87	5.00	-29.17
84.96	25.21	-43.88
139.16	59.08	-54.81
217.59	104.25	-64.45
312.13	156.92	-73.12
414.12	210.57	-78.98
512.63	261.78	-81.54
596.68	310.06	-83.98
654.60	347.53	-86.61
683.47	359.01	-79.59
696.04	338.93	-55.60
683.47	299.68	-19.41
617.86	252.26	15.93
509.70	193.97	41.44
395.94	123.35	54.69
276.92	53.28	56.76
120.36	-4.70	55.30
-72.45	-55.73	60.49
-266.17	-108.03	76.78
-428.71	-156.98	101.44
-537.23	-192.81	125.73
-623.23	-219.42	140.69
-654.97	-226.81	115.91
-572.75	-240.97	90.52
-494.26	-221.01	84.41
-461.18	-152.53	85.69
-336.91	-96.44	71.66
-153.56	-58.96	30.58
-85.33	-46.02	21.67
-12.27	-35.89	27.16
73.55	-23.32	31.19
141.05	-5.92	22.77
180.36	12.33	6.53
213.44	26.92	-9.58
254.33	39.61	-21.91
309.45	55.36	-29.11
384.34	75.68	-31.01
465.64	98.63	-28.20
529.30	120.79	-20.75
565.37	139.71	-7.93
581.54	158.69	9.34
588.13	188.35	26.12
560.36	209.72	31.49
481.20	182.86	16.30
399.35	115.78	-8.91
342.41	53.96	-18.68
281.86	23.74	-4.52
218.14	22.16	18.68
187.50	38.09	35.83
207.76	63.66	41.44
257.81	92.35	35.89
300.05	119.51	23.86
320.86	144.17	8.61
321.78	159.06	-8.36
303.22	151.86	-20.20
266.97	123.60	-19.65
218.87	94.06	-6.35
172.36	78.37	12.63
142.09	73.73	27.83
135.80	73.49	32.53
133.67	71.96	24.90
107.54	61.83	7.75
72.63	46.33	-9.52
45.04	32.47	-18.07
12.57	18.07	-17.82
-21.55	1.83	-13.37
-47.36	-12.08	-8.61
-63.29	-18.13	-3.48
-64.21	-7.45	7.32
-55.97	0.06	5.86
-48.83	3.72	-1.95
-44.07	1.46	-12.08
-41.38	-7.69	-19.78
-42.91	-21.97	-22.52
-48.95	-36.13	-21.12
-57.62	-44.92	-17.82
-67.14	-46.39	-14.47
-75.26	-42.66	-12.45
-79.90	-37.72	-12.02
-79.35	-34.91	-11.96
-73.18	-34.12	-11.11
-64.94	-33.20	-9.70
-57.31	-31.19	-8.42
-49.62	-29.85	-6.41
-44.19	-29.24	-4.03
-48.58	-28.26	-3.11
-65.73	-29.91	-3.42
-88.56	-38.21	-2.87
-109.31	-53.47	-0.37
-126.28	-71.47	2.93
-140.99	-87.22	6.47
-154.36	-98.75	10.44
-168.58	-107.54	14.65
-185.79	-116.82	18.07
-204.28	-129.09	20.26
-222.41	-144.65	21.12
-241.46	-161.80	19.71
-258.73	-178.83	15.01
-270.87	-194.58	7.26
-275.76	-207.09	-2.44
-266.30	-212.10	-12.76
-238.53	-204.22	-22.77
-196.66	-180.66	-33.02
-144.53	-143.01	-44.74
-76.97	-94.18	-57.62
12.21	-34.85	-70.62
116.27	34.36	-85.63
221.62	112.12	-105.41
316.47	199.28	-125.73
402.40	294.01	-137.39
495.67	381.71	-130.55
596.50	437.87	-95.89
673.71	444.21	-37.90
696.59	403.50	19.84
662.90	335.33	55.79
587.77	259.46	67.38
482.24	187.26	66.59
351.32	123.05	65.61
197.51	66.59	66.16
-154.05	-42.66	60.91
-338.93	-96.44	62.56
-500.92	-144.10	70.19
-595.64	-179.87	76.90
-627.62	-200.93	76.78
-655.94	-210.02	73.97
-698.85	-212.71	75.56
-710.39	-212.40	80.51
-665.34	-207.64	83.37
-590.76	-195.56	80.32
-520.75	-176.39	68.85
-470.89	-155.58	52.12
-435.00	-137.57	38.51
-398.38	-122.07	33.45
-358.89	-106.63	35.89
-314.21	-90.45	40.89
-249.57	-73.30	44.43
-123.90	-42.48	50.23
-109.99	-35.71	55.30
-104.13	-35.16	58.96
-97.05	-36.01	57.43
-84.96	-34.79	48.10
-59.81	-31.74	32.59
-23.99	-26.79	17.15
8.18	-17.15	7.57
21.06	-2.87	5.49
15.14	10.74	8.61
5.07	17.27	13.43
-1.53	14.28	16.91
-6.71	4.52	17.15
-9.40	-6.29	14.34
-5.19	-13.06	10.19
12.02	-13.06	6.35
48.28	-5.80	3.42
100.89	8.24	1.28
162.23	27.16	0.37
230.41	48.95	0.61
302.98	67.75	-0.43
371.89	75.81	-8.36
421.20	68.79	-19.04
451.48	53.65	-19.65
466.67	47.91	-6.16
450.01	60.24	12.82
415.34	83.56	24.29
402.47	107.97	23.32
418.46	129.58	14.83
472.84	162.66	6.59
498.29	175.66	17.58
516.48	187.13	35.46
520.39	195.43	52.06
502.01	197.08	60.73
457.64	187.87	59.57
399.78	170.84	50.60
349.00	157.59	37.23
310.30	154.17	24.41
276.25	156.98	17.46
248.54	161.13	20.39
227.97	158.02	32.23
206.97	138.79	44.80
186.52	110.05	51.88
166.50	85.45	53.22
143.68	71.78	51.39
119.63	67.44	47.91
91.49	66.10	42.54
56.46	59.27	34.48
25.21	41.20	25.45
7.26	17.27	17.76
-5.55	-2.20	10.99
-19.71	-12.88	2.44
-28.56	-18.37	-8.12
-30.15	-24.17	-17.03
-36.13	-33.33	-20.57
-53.04	-44.56	-17.70
-71.04	-53.10	-9.89
-76.17	-53.71	0.85
-66.41	-44.62	10.86
-50.60	-29.42	15.08
-34.55	-13.67	11.29
-20.02	-0.61	3.17
-9.70	9.28	-2.93
-6.35	15.01	-3.42
-9.52	15.08	0.43
-16.30	10.01	5.00
-24.41	3.78	7.32
-33.26	0.61	6.35
-40.41	1.34	3.30
-40.83	3.17	0.18
-33.63	3.91	-2.14
-22.77	2.99	-3.78
-11.96	1.34	-4.64
-4.03	2.87	0.98
