-58.72	-38.82	2.14
-60.36	-37.90	3.66
-61.83	-36.93	6.71
-62.32	-36.62	9.83
-61.83	-37.41	12.02
-62.38	-39.79	13.43
-64.76	-43.70	14.71
-72.88	-52.49	13.61
-77.70	-55.36	11.11
-81.48	-55.79	9.03
-82.89	-54.69	9.03
-81.12	-53.77	11.41
-77.51	-53.41	14.28
-73.36	-52.80	15.14
-69.15	-51.70	13.00
-66.04	-50.90	8.30
-65.06	-51.70	2.99
-65.86	-54.14	-1.59
-67.38	-56.95	-5.43
-69.09	-58.17	-8.42
-69.46	-56.88	-9.46
-61.10	-48.58	-5.31
-54.14	-43.95	-3.60
-47.24	-40.28	-4.88
-43.76	-38.70	-8.79
-44.49	-39.31	-13.12
-47.42	-41.38	-16.05
-50.11	-43.33	-16.72
-51.45	-43.40	-15.44
-50.54	-40.71	-13.12
-45.04	-35.52	-11.05
-36.01	-28.87	-10.31
-27.47	-21.73	-11.29
-22.83	-15.44	-13.67
-37.90	-17.03	-16.85
-53.89	-26.12	-15.20
-68.12	-35.52	-12.70
-75.87	-42.24	-11.05
-75.74	-45.59	-10.25
-70.56	-45.65	-8.85
-64.76	-42.18	-6.84
-62.13	-36.50	-5.49
-64.15	-32.59	-5.07
-68.54	-32.90	-4.58
-72.14	-35.10	-4.76
-74.65	-36.32	-6.65
-74.52	-36.13	-9.22
-70.01	-35.10	-10.93
-62.19	-32.71	-11.47
-53.41	-28.26	-11.90
-46.39	-22.71	-13.24
-42.85	-18.43	-14.47
-42.05	-16.36	-14.47
-45.29	-15.08	-13.43
-49.62	-15.87	-14.16
-55.24	-18.80	-15.26
-59.27	-23.56	-16.24
-59.88	-27.83	-16.91
-59.14	-28.69	-17.52
-60.18	-25.94	-18.86
-64.94	-21.73	-21.97
-72.08	-18.01	-26.25
-77.15	-14.53	-29.72
-76.90	-11.29	-31.92
-71.72	-9.46	-33.51
-65.00	-9.70	-34.48
-60.00	-11.78	-35.22
-57.31	-15.56	-36.62
-55.42	-19.71	-38.02
-53.96	-21.36	-38.51
-56.70	-16.17	-37.48
-62.81	-13.12	-38.15
-69.52	-10.93	-40.53
-71.66	-9.40	-44.01
-66.83	-7.45	-48.77
-57.19	-2.87	-55.73
-46.94	5.49	-64.33
-37.35	16.05	-72.69
-26.55	25.27	-79.53
-13.67	31.25	-85.33
-5.07	34.61	-89.60
-4.76	37.05	-90.52
-10.13	39.86	-88.68
-18.01	42.24	-86.73
-22.64	41.99	-85.94
-20.02	37.60	-85.51
-12.21	29.48	-83.92
-2.56	20.51	-79.90
5.43	15.44	-74.10
11.29	17.88	-69.09
17.88	27.53	-66.35
26.67	41.93	-65.55
34.24	56.52	-64.51
36.87	64.45	-59.57
34.06	61.40	-49.56
26.49	49.87	-38.15
13.31	27.89	-28.26
18.68	27.47	-29.17
30.40	35.89	-28.81
40.65	48.71	-26.49
42.48	62.50	-20.14
39.37	62.93	-17.33
44.68	67.08	-18.80
59.02	72.39	-24.48
80.63	79.41	-34.42
104.74	87.22	-47.55
124.33	101.68	-67.32
89.29	105.35	-78.25
73.36	99.18	-86.12
69.89	90.27	-95.70
77.45	81.79	-107.42
97.72	69.15	-130.86
87.22	49.44	-132.32
65.25	34.36	-120.24
40.41	21.48	-102.05
19.84	14.71	-83.25
7.26	10.44	-68.97
-0.49	0.92	-60.18
-26.00	-40.89	-44.13
-64.94	-75.01	-11.72
-80.81	-84.41	7.69
-93.63	-92.65	24.72
-103.64	-101.26	38.51
-113.59	-108.89	51.51
-124.63	-113.83	66.47
-134.52	-117.00	82.70
-138.85	-120.79	96.56
-117.43	-125.55	108.34
-70.31	-99.00	98.21
-20.26	-56.46	79.83
17.40	-45.65	65.55
28.20	-48.22	52.06
29.72	-47.42	49.13
33.57	-46.87	49.38
39.61	-46.39	50.35
45.29	-44.62	50.35
55.18	-40.34	48.52
73.79	-33.75	45.84
95.46	-27.47	47.42
122.44	-25.82	56.52
127.87	-28.63	52.49
136.47	-29.36	45.72
149.60	-26.25	39.55
163.76	-19.41	33.14
179.08	-9.83	26.25
197.51	1.04	21.61
216.86	10.93	20.94
233.52	17.70	22.28
245.24	20.63	22.71
249.57	20.14	21.85
246.46	17.76	21.06
240.97	16.05	21.55
236.39	17.21	23.99
231.69	21.42	26.98
229.98	27.40	27.65
236.08	33.81	26.31
245.73	40.10	26.92
246.46	54.44	30.82
241.76	63.05	26.92
237.92	70.07	19.90
229.98	72.02	13.37
211.91	66.96	10.44
182.74	57.31	12.51
150.57	49.56	19.41
127.08	49.80	28.44
117.43	60.00	35.40
120.00	75.01	37.17
130.13	86.00	32.47
138.31	85.63	21.61
134.46	74.40	8.06
116.15	59.20	-1.83
88.44	47.42	-4.09
57.50	40.22	-0.06
29.42	32.59	6.10
10.31	21.55	10.19
1.04	10.25	10.44
-2.26	3.72	7.02
-3.36	2.56	1.53
-4.39	3.11	-4.21
-5.98	3.66	-7.87
-5.68	7.45	-8.36
10.56	31.62	-5.55
22.34	45.17	-8.24
32.96	53.41	-13.79
43.09	55.30	-19.35
51.33	54.75	-22.28
55.42	67.81	-20.02
54.93	81.18	-17.82
57.92	94.54	-14.77
65.73	106.38	-10.19
81.85	120.79	-3.36
85.39	119.02	-4.03
84.96	112.55	-5.80
80.26	105.53	-4.94
70.01	101.56	1.34
54.26	101.38	13.43
10.74	100.95	47.61
-12.57	93.57	62.50
-31.56	81.54	70.92
-43.64	67.87	71.84
-51.03	54.75	67.93
-59.63	43.09	64.76
-70.98	32.96	66.28
-82.95	23.80	72.81
-97.11	14.47	81.54
-112.92	3.42	87.89
-125.73	-10.56	88.20
-130.80	-28.08	81.73
-123.23	-47.91	69.21
-109.74	-65.43	55.05
-103.27	-74.71	46.51
-112.12	-66.16	54.38
-115.48	-57.62	63.23
-111.39	-53.65	68.42
-105.59	-55.73	67.50
-108.09	-62.07	62.19
-117.43	-69.15	57.01
-127.26	-74.65	55.42
-134.28	-77.70	57.98
-134.16	-78.12	62.19
-112.79	-71.29	63.72
-102.48	-66.41	60.00
-89.78	-62.50	48.40
-82.15	-63.96	42.85
-81.12	-65.98	39.18
-88.62	-67.32	38.09
-94.67	-66.53	39.06
-97.29	-63.17	40.89
-97.29	-58.23	42.30
-91.80	-52.92	42.36
-77.64	-44.13	39.61
-74.10	-40.59	37.41
-73.43	-38.02	35.40
-74.65	-36.50	33.45
-75.93	-36.19	31.25
-78.49	-38.51	29.72
-82.64	-41.75	29.30
-89.11	-41.93	30.76
-96.44	-39.25	34.42
-99.49	-36.62	38.21
-95.83	-35.58	41.26
-84.29	-35.58	43.46
-71.17	-35.83	43.88
-64.70	-36.44	42.85
-60.36	-37.05	41.99
-52.49	-36.07	41.93
-44.49	-32.35	41.56
-40.16	-26.61	40.59
-39.37	-21.48	40.04
-40.89	-19.84	40.41
-42.91	-22.40	41.14
-45.65	-27.89	42.30
-49.74	-34.06	44.92
-52.25	-38.76	49.62
-51.39	-40.16	54.93
-47.12	-37.41	58.35
-35.58	-23.13	56.82
-29.97	-17.82	54.38
-21.42	-16.91	52.06
-9.34	-19.59	49.26
6.47	-23.56	45.41
23.80	-26.18	40.83
38.09	-25.63	36.87
49.80	-21.97	34.24
62.07	-16.66	32.10
73.55	-10.93	28.38
83.68	-5.68	22.83
96.31	-1.40	16.36
112.00	1.83	9.70
126.40	4.39	3.85
135.50	6.41	-0.06
137.88	7.87	-2.56
135.01	9.09	-6.04
128.72	10.25	-9.70
120.97	11.54	-9.40
107.12	14.04	0.43
107.48	15.01	1.16
117.37	17.76	-2.26
133.24	22.83	-8.48
151.98	28.44	-16.17
172.18	32.96	-23.62
190.61	37.35	-29.60
206.91	44.01	-34.24
222.78	54.50	-38.94
253.17	82.46	-48.71
268.13	94.36	-52.31
284.30	101.93	-54.50
302.73	105.16	-54.38
335.94	111.02	-46.81
341.25	119.63	-41.26
329.71	116.58	-39.06
312.62	109.80	-34.06
293.58	103.58	-26.86
272.71	99.79	-20.08
247.99	96.50	-14.77
