-24.35	-20.94	7.32
-44.56	-25.09	7.26
-77.21	-31.62	10.31
-117.07	-43.27	18.43
-156.56	-60.42	31.80
-190.43	-79.35	49.50
-216.67	-95.76	69.76
-237.00	-107.97	89.42
-225.59	-120.79	114.56
-216.00	-126.59	117.61
-227.91	-134.52	114.75
-245.48	-143.07	109.92
-237.12	-153.20	106.87
-195.98	-167.36	109.31
-150.70	-179.69	116.27
-133.24	-180.91	106.93
-149.48	-169.74	62.62
-155.03	-150.82	-0.18
-127.75	-131.29	-52.37
-99.30	-119.08	-79.83
-83.56	-115.72	-81.79
-71.72	-116.27	-65.37
-58.53	-111.08	-41.20
-43.46	-92.90	-20.02
-26.79	-64.94	-8.12
-11.60	-39.79	-5.37
-1.71	-28.08	-9.16
-0.55	-31.13	-18.13
-7.69	-44.01	-30.27
-19.17	-61.22	-39.43
-29.30	-78.98	-39.06
-31.98	-91.25	-30.33
-27.22	-90.64	-21.48
-19.65	-76.90	-18.55
-11.66	-58.72	-21.00
-4.82	-44.56	-24.72
-2.01	-37.23	-27.16
-3.60	-33.51	-28.44
-2.62	-21.48	-25.45
1.04	-15.26	-18.92
2.56	-14.59	-12.08
0.92	-18.68	-8.00
-2.81	-21.79	-7.14
-6.04	-20.39	-7.93
-6.84	-15.69	-8.48
-4.70	-6.96	-8.61
-1.59	-5.92	-9.77
3.78	-5.13	-10.93
9.09	-3.30	-10.38
10.62	-1.71	-7.81
7.87	-1.71	-4.46
2.08	-2.50	-1.83
-8.91	-0.31	-1.95
-4.88	1.89	-4.27
6.35	3.60	-6.84
18.19	4.58	-8.79
22.95	4.15	-9.09
18.92	2.26	-7.69
10.80	0.49	-5.68
4.82	0.79	-4.76
4.58	3.72	-5.74
9.58	8.30	-7.45
16.91	12.70	-8.61
24.05	14.71	-9.52
29.17	12.88	-11.35
31.01	7.39	-13.92
29.85	-0.12	-15.14
26.00	-7.32	-13.06
18.37	-11.23	-7.08
7.57	-9.22	0.55
-1.46	-1.71	5.98
-4.52	5.74	7.14
-2.75	8.36	4.52
1.22	5.13	-0.85
6.29	-3.48	-7.63
10.99	-13.37	-13.06
13.92	-18.37	-14.04
13.98	-16.48	-10.01
10.44	-9.28	-3.85
5.43	0.49	0.98
1.89	9.03	2.38
-0.98	12.82	0.49
-3.66	11.23	-3.36
-4.88	7.26	-6.53
-3.48	5.68	-7.32
0.37	8.18	-6.65
5.80	12.63	-6.16
10.56	15.32	-6.23
13.85	14.59	-6.35
16.48	12.27	-6.59
18.13	10.74	-7.32
17.64	10.19	-8.48
14.53	8.73	-10.50
10.07	5.25	-13.24
6.41	0.92	-14.89
4.76	-2.26	-13.92
5.68	-3.17	-10.99
10.25	-0.37	-4.33
5.62	1.77	-5.43
2.08	-0.43	-8.67
1.16	-3.36	-12.15
3.66	-5.80	-14.59
7.32	-7.26	-13.61
8.48	-5.98	-8.30
5.74	-2.08	-0.92
1.77	1.95	3.85
-0.67	4.52	3.66
-1.40	5.74	-0.06
-0.31	5.55	-5.31
2.81	4.33	-10.38
7.26	3.30	-12.63
11.47	4.09	-9.95
14.10	6.71	-3.54
13.85	9.46	1.83
10.44	11.11	2.26
5.68	11.60	-1.71
1.16	10.38	-6.59
-1.22	5.98	-9.77
2.75	-7.93	-9.52
5.98	-5.86	-5.43
4.03	-1.59	-3.78
-3.72	-2.20	-5.43
-5.13	-10.07	-7.51
-4.15	-23.68	-8.85
-2.44	-38.45	-10.19
-2.26	-45.96	-11.78
-4.76	-45.23	-12.15
-16.36	-41.14	-11.54
-19.29	-41.32	-11.84
-17.27	-36.44	-8.73
-12.76	-21.36	1.34
-7.63	-0.12	15.26
-2.01	17.33	23.56
2.38	23.80	21.06
1.83	19.65	11.60
-3.54	12.33	2.81
-7.75	9.34	0.12
-5.49	12.27	2.08
9.77	23.44	7.75
11.54	26.86	12.51
9.16	30.15	19.23
7.63	37.11	26.55
8.97	50.42	33.26
10.44	68.73	37.41
3.85	89.78	37.41
-3.36	77.39	37.05
-8.97	57.86	35.10
-11.29	43.52	28.50
-13.31	34.97	14.77
-17.33	15.26	-9.03
-13.49	13.67	-3.91
10.38	37.90	11.84
20.63	49.13	11.29
26.43	54.69	7.51
16.78	53.10	-14.16
-11.54	49.62	-25.33
-39.06	44.74	-26.18
-59.39	41.56	-16.78
-66.65	42.79	-2.32
-64.51	47.18	11.29
-62.38	50.11	20.51
-68.60	47.55	23.86
-88.13	38.94	21.36
-117.43	27.34	16.24
-144.65	16.30	14.22
-158.26	7.69	18.13
-148.68	1.16	24.05
-118.23	-4.52	26.25
-85.02	-8.06	22.83
-67.63	-7.39	16.17
-82.95	5.98	8.48
-104.49	27.77	19.41
-102.17	33.87	11.72
-79.10	31.37	-10.74
-36.50	26.18	-31.13
9.03	26.55	-36.38
37.35	31.80	-31.62
48.03	34.30	-28.20
54.44	31.37	-30.33
63.72	28.99	-34.30
77.51	34.06	-35.89
98.39	48.16	-35.03
125.37	68.54	-34.91
150.63	91.00	-38.88
168.03	110.41	-48.77
171.94	120.85	-61.95
154.48	116.52	-70.56
116.46	97.41	-68.54
67.20	73.18	-56.88
14.59	58.72	-41.93
-31.43	63.11	-31.25
-53.96	79.77	-31.68
-37.96	87.65	-46.45
6.77	71.29	-69.95
59.45	16.42	-98.82
19.78	10.56	-73.97
-1.59	5.49	-55.66
-36.19	-45.59	-36.62
-67.02	-80.51	-21.00
-107.79	-109.31	7.87
-144.41	-127.08	39.86
-162.23	-135.86	58.96
-163.39	-140.38	61.16
-171.75	-143.86	56.76
-206.05	-149.11	56.21
-261.66	-157.84	63.17
-319.82	-169.13	78.19
-354.31	-179.02	96.62
-343.08	-182.25	108.28
-293.21	-175.35	105.22
-237.85	-160.03	89.48
-199.71	-142.58	70.98
-178.96	-129.58	58.65
-165.59	-122.44	54.99
-153.08	-117.49	55.54
-108.09	-102.97	48.22
-33.26	-72.45	29.85
-8.36	-51.45	22.46
2.87	-34.42	16.54
1.71	-26.79	12.57
1.59	-24.41	11.11
3.30	-22.16	14.47
4.58	-20.45	23.68
14.22	-18.13	30.52
30.33	-13.37	26.79
44.92	-6.53	15.14
54.57	-0.55	4.09
59.14	1.40	-0.06
62.50	-0.06	3.17
68.66	-1.65	9.34
80.26	-1.16	13.55
99.43	0.98	13.55
126.59	3.78	9.64
157.47	8.30	4.03
184.75	15.87	-0.06
203.74	26.00	-0.43
211.43	35.83	3.23
208.56	42.91	10.80
203.55	49.26	21.55
203.19	56.82	30.82
206.05	60.73	30.46
213.87	56.34	18.92
233.03	47.30	5.25
256.77	41.63	-1.34
266.11	43.03	0.98
255.43	50.72	7.81
231.87	62.07	14.77
201.29	73.97	20.51
171.63	84.05	25.45
149.66	89.97	28.93
132.93	87.71	28.93
114.07	73.18	24.23
92.59	48.46	17.40
58.65	4.46	13.55
46.75	-1.40	18.80
41.69	4.46	26.00
47.00	20.14	30.94
62.68	40.95	30.21
83.37	58.23	23.80
99.73	62.13	13.85
101.99	47.55	1.10
94.18	22.28	-14.28
89.54	2.87	-26.98
91.06	-0.43	-26.00
94.30	10.31	-5.62
93.99	26.79	23.50
93.44	42.30	43.21
104.06	53.71	46.51
120.54	56.46	37.90
123.78	41.63	22.71
113.34	13.24	3.85
89.42	-1.95	-17.15
53.53	21.00	12.08
42.24	24.60	22.09
41.99	24.90	17.03
49.62	22.83	5.43
53.77	21.42	-2.26
53.34	23.99	-3.66
57.31	31.86	0.49
76.97	44.98	10.99
116.21	60.79	24.60
163.70	72.33	30.88
198.67	71.90	22.16
206.36	61.40	3.36
185.55	52.73	-13.49
146.61	53.10	-19.71
107.85	60.79	-11.96
90.27	75.81	8.00
109.74	99.85	30.52
157.71	128.91	40.04
202.76	152.16	27.83
216.67	157.17	2.81
192.20	141.36	-17.27
143.07	117.25	-21.97
88.68	96.07	-16.66
42.18	78.67	-13.18
4.15	63.29	-16.66
-32.10	49.56	-25.21
-65.00	35.71	-34.30
-87.95	19.65	-39.49
-108.46	0.37	-39.79
-143.80	-23.01	-37.23
-198.73	-50.66	-31.43
-260.25	-77.51	-21.36
-315.73	-99.98	-8.97
-355.10	-120.00	3.30
-369.57	-138.92	13.06
-362.92	-156.25	17.82
-344.18	-171.02	18.37
-318.91	-180.54	19.23
-286.56	-181.95	23.01
-244.32	-175.54	28.87
-196.84	-164.31	35.28
-153.93	-150.63	41.02
-121.34	-134.89	45.23
-94.54	-116.70	47.61
-62.50	-94.60	46.45
-20.02	-67.32	39.73
72.75	-8.54	14.10
124.27	23.32	-4.09
141.05	32.23	-5.68
151.12	41.38	-5.07
149.35	49.87	-6.41
120.85	59.45	-15.75
53.89	58.17	-11.35
8.06	50.29	-5.86
-41.32	30.27	-1.95
-49.74	21.85	-3.23
-63.60	14.53	-3.97
-91.31	6.23	-3.11
-123.05	-2.99	-0.79
-141.30	-9.46	2.44
-142.52	-11.84	5.74
-137.33	-13.06	8.48
-138.24	-16.05	11.11
-174.87	-28.26	14.59
-199.89	-35.16	15.01
-178.65	-32.71	17.94
-172.42	-42.18	26.06
-173.95	-53.89	40.59
-154.91	-52.67	43.95
-126.04	-46.87	43.64
-94.73	-39.06	41.26
-66.28	-30.94	37.72
-40.59	-22.83	32.84
-17.94	-14.65	26.61
-1.40	-7.69	19.71
7.51	-3.66	14.53
10.31	-2.75	13.18
11.11	-3.85	15.87
15.26	-5.86	19.71
28.38	-7.26	19.78
56.15	-5.19	14.28
155.88	18.68	0.98
209.11	35.95	-2.08
250.61	50.48	-2.93
275.45	60.06	-2.50
283.02	65.61	-5.07
281.25	65.37	-7.32
251.40	65.92	3.60
234.92	75.44	13.37
234.86	95.64	20.75
251.59	119.63	24.90
271.61	137.76	28.38
277.53	145.26	33.39
265.81	145.02	39.18
248.78	144.10	43.15
240.11	145.69	44.07
237.61	144.71	42.97
226.26	135.50	40.83
157.35	101.01	28.38
110.90	87.10	22.03
71.47	83.50	23.38
54.20	88.62	32.59
60.85	95.52	40.65
82.03	105.47	42.91
88.62	117.07	43.27
59.94	116.52	42.30
20.32	100.59	39.73
-4.09	83.25	40.95
-17.76	73.06	47.42
-32.10	70.62	54.20
-43.46	67.44	54.32
-43.82	52.61	44.98
-36.19	30.64	28.69
-27.83	13.61	10.25
-18.62	5.55	-2.75
-1.83	-7.87	10.86
-8.30	-23.99	26.49
-13.12	-7.26	-7.93
-9.89	-4.21	-8.79
-5.49	-3.30	-0.85
-8.24	2.44	2.69
-24.84	14.59	-2.69
-45.96	26.67	-13.79
-60.00	31.49	-26.25
-56.21	23.93	-36.93
-31.49	3.11	-37.72
-7.81	-16.91	-24.84
