-83.25	-62.26	10.25
-83.25	-62.26	10.25
-76.17	-60.42	6.84
-69.64	-58.35	1.89
-70.07	-57.74	-1.95
-94.30	-66.77	-3.11
-106.87	-74.77	-4.09
-110.72	-81.12	-8.48
-107.06	-85.45	-15.56
-100.77	-89.05	-21.61
-95.34	-91.31	-23.56
-92.90	-90.70	-22.77
-95.28	-87.71	-22.71
-103.52	-85.39	-24.23
-116.76	-86.85	-25.76
-131.53	-92.41	-27.10
-141.85	-99.73	-30.03
-131.10	-96.07	-37.11
-115.97	-82.40	-37.54
-106.08	-73.30	-37.29
-109.92	-74.95	-37.48
-124.88	-84.23	-37.29
-138.85	-90.70	-36.62
-142.52	-90.70	-36.25
-133.61	-88.75	-35.10
-113.65	-86.06	-32.78
-88.93	-80.51	-31.62
-72.51	-72.94	-33.75
-75.56	-67.50	-38.51
-96.98	-67.87	-43.21
-122.99	-74.52	-44.98
-137.33	-84.17	-42.36
-133.36	-90.33	-36.13
-114.87	-88.26	-30.09
-91.80	-79.47	-28.32
-77.51	-69.46	-31.31
-79.90	-62.62	-35.89
-115.17	-55.91	-41.02
-106.51	-53.34	-43.88
-88.32	-51.82	-49.50
-70.43	-51.94	-57.74
-61.22	-51.51	-67.20
-62.07	-46.69	-73.24
-67.14	-37.60	-72.14
-70.13	-29.30	-69.03
-68.91	-24.66	-69.27
-62.07	-21.55	-70.56
-47.06	-16.72	-69.76
-25.27	-9.83	-65.55
-4.03	-3.05	-56.03
7.75	2.75	-42.48
6.16	8.61	-31.37
-6.10	14.47	-28.69
-19.35	21.55	-34.91
-21.06	36.44	-41.26
-4.33	64.76	-38.64
28.75	102.05	-28.50
69.27	134.58	-18.43
130.68	166.44	-14.83
147.46	200.26	-13.61
156.49	250.98	-3.36
182.56	271.24	10.86
192.57	267.40	11.72
189.76	255.80	13.55
169.37	234.56	28.44
135.74	207.21	56.27
97.29	178.22	86.55
56.76	147.46	114.87
8.91	109.86	140.38
-51.82	59.69	154.97
-126.46	-0.92	150.33
-201.54	-57.92	133.30
-252.69	-96.25	117.86
-273.13	-113.89	109.44
-277.34	-120.79	104.61
-287.48	-128.30	99.37
-303.04	-137.39	95.46
-300.54	-138.61	92.47
-269.29	-131.47	82.34
-219.48	-126.10	63.17
-169.19	-126.46	43.33
-129.76	-130.98	30.52
-108.28	-137.70	26.25
-103.70	-142.58	26.86
-96.25	-138.55	26.79
-69.27	-119.63	22.64
-29.79	-89.54	13.98
8.00	-61.46	3.05
36.07	-44.98	-6.35
54.02	-40.95	-13.79
62.81	-45.84	-21.30
57.56	-77.45	-23.13
69.64	-79.04	-10.44
123.78	-52.06	-15.32
165.16	-38.88	-21.97
180.73	-29.85	-26.92
196.35	-20.69	-33.08
218.32	-14.40	-40.10
248.54	-12.94	-45.41
277.40	-12.08	-45.65
296.81	-4.64	-40.77
310.79	10.74	-32.96
323.73	28.38	-24.72
334.41	41.26	-18.07
343.99	46.08	-15.38
357.24	44.68	-16.72
376.40	41.14	-17.76
391.60	39.18	-16.30
381.53	39.31	-9.34
339.84	39.31	4.82
288.02	38.82	17.21
254.21	38.51	23.80
250.49	39.92	27.77
271.61	44.13	29.42
303.47	49.93	27.83
330.38	54.81	25.63
338.32	56.64	27.83
321.78	57.68	36.13
290.53	62.62	47.61
263.43	73.00	57.37
252.38	83.80	60.85
250.24	84.23	54.93
239.69	70.25	40.28
211.36	48.58	24.17
170.10	28.14	13.61
89.36	6.47	13.06
61.22	4.21	16.78
46.87	7.63	17.64
48.34	12.33	15.44
61.83	12.76	12.15
80.26	8.06	6.35
93.32	1.04	-5.13
83.56	-10.01	-19.90
41.81	-25.82	-31.74
-14.71	-36.38	-36.68
-89.23	-35.83	-26.18
-83.31	-33.94	-15.44
-45.47	-30.15	-6.53
5.19	-25.27	-1.77
40.47	-19.53	0.49
41.08	-13.12	0.43
11.29	-8.79	-3.66
-24.23	-8.00	-9.70
-43.70	-7.93	-15.62
-21.18	-3.17	-28.26
28.32	0.79	-35.89
50.23	-0.67	-32.47
79.59	0.24	-22.58
98.82	16.42	-25.15
123.66	36.32	-34.30
160.52	57.31	-46.51
224.24	76.48	-69.40
241.33	82.52	-75.01
251.59	95.46	-72.02
249.21	113.28	-55.97
240.48	133.06	-29.05
252.87	169.31	24.48
252.01	172.12	36.68
202.27	154.60	39.43
113.89	118.35	33.63
54.87	81.12	23.80
54.08	56.82	22.34
75.93	47.91	33.94
77.27	48.71	52.73
45.04	52.80	69.95
-7.93	57.80	82.89
-64.03	60.61	93.57
-116.21	55.05	103.39
-164.98	37.66	111.39
-215.76	9.34	115.72
-275.21	-25.94	118.23
-342.10	-60.55	123.60
-406.01	-87.16	133.85
-455.44	-102.97	143.43
-486.08	-108.64	144.35
-500.12	-107.36	135.31
-504.76	-104.25	123.35
-509.22	-104.86	118.29
-519.47	-111.57	127.01
-534.06	-120.00	149.72
-541.69	-123.78	178.34
-531.62	-121.28	195.62
-503.91	-113.65	185.67
-460.88	-101.99	150.94
-344.48	-72.45	77.70
-270.81	-57.74	58.04
-284.06	-53.47	75.87
-307.07	-50.23	88.26
-326.23	-46.33	98.02
-328.06	-43.33	102.78
-304.93	-45.90	99.00
-267.09	-53.77	87.16
-232.30	-57.25	75.13
-204.59	-48.83	69.27
-182.74	-32.10	68.79
-169.56	-16.24	69.09
-164.25	-7.87	68.05
-160.03	-8.67	65.80
-149.11	-15.87	60.73
-128.11	-22.71	50.84
-100.59	-24.11	40.71
-73.36	-20.08	36.56
-52.43	-13.98	36.50
-41.93	-8.42	35.16
-44.62	-5.13	30.27
-58.65	-4.94	25.21
-76.05	-7.02	25.02
-85.88	-9.40	29.72
-80.81	-11.41	34.79
-36.01	-13.98	34.18
-5.43	-15.69	28.32
-9.28	-19.41	27.65
-19.53	-25.15	27.59
-30.03	-30.82	29.17
-34.12	-34.55	32.84
-26.67	-35.34	35.83
-10.50	-33.02	35.71
5.68	-29.66	33.02
15.81	-27.65	29.36
19.41	-27.65	25.15
20.87	-29.48	20.57
24.90	-32.65	16.48
33.45	-35.71	14.53
47.00	-37.11	14.77
63.72	-35.71	15.56
78.43	-30.15	14.83
86.91	-19.90	11.47
91.25	-8.48	5.92
96.74	-2.20	-0.73
106.02	-4.52	-7.26
118.53	-14.40	-11.96
142.82	-38.70	-18.13
146.42	-44.62	-20.81
136.41	-41.50	-17.70
140.87	-18.13	-11.78
164.37	-4.82	-11.78
171.02	-8.30	-15.44
158.33	-9.58	-17.33
134.16	-12.82	-17.64
110.29	-17.27	-15.81
99.98	-18.25	-12.45
104.80	-13.55	-8.42
117.13	-4.88	-4.21
126.65	4.33	-1.89
122.01	8.24	-3.30
101.01	0.98	-5.80
75.87	-14.40	-7.08
59.20	-27.65	-8.48
53.89	-31.43	-11.29
52.61	-25.63	-12.88
38.57	-4.52	-6.84
29.48	5.13	-1.89
21.36	13.18	2.93
14.59	16.48	7.45
15.26	12.94	9.83
26.61	6.96	7.39
41.50	3.97	1.16
50.48	5.13	-4.27
50.54	8.24	-5.49
47.36	11.54	-2.69
47.55	15.14	1.53
51.64	18.13	4.70
57.68	17.76	5.74
64.82	13.37	4.03
72.75	7.51	-0.24
80.57	3.78	-5.80
87.59	3.60	-10.38
95.46	6.77	-12.70
106.51	12.76	-12.33
121.77	20.08	-10.01
138.49	26.37	-7.63
152.10	30.09	-5.92
161.74	32.23	-4.33
169.01	34.42	-2.75
176.27	37.29	-1.95
186.58	41.44	-2.81
201.72	47.24	-5.19
221.19	53.59	-7.02
242.31	59.94	-6.04
272.71	77.64	8.73
279.17	87.71	16.72
278.38	87.95	13.00
267.52	76.66	2.81
255.86	63.96	-0.73
259.16	60.67	5.43
278.87	67.44	16.05
296.94	76.54	28.02
292.85	81.42	43.09
265.38	81.30	61.46
233.83	78.92	75.44
217.22	77.09	78.25
216.49	76.17	73.61
219.42	75.26	69.21
216.74	74.71	68.91
208.92	75.99	72.57
202.51	80.93	77.58
201.29	90.15	80.51
200.81	101.68	79.96
193.12	111.57	76.17
172.91	116.52	70.13
143.01	116.03	62.62
112.92	111.69	54.75
92.22	106.02	48.52
84.72	99.30	45.84
89.29	92.41	47.85
105.10	87.83	52.67
127.50	86.73	54.87
143.25	87.22	50.17
137.45	84.66	40.22
107.30	77.03	31.31
66.89	68.18	28.02
35.46	62.87	29.66
23.19	62.87	32.10
29.79	67.93	31.37
47.67	73.61	26.61
64.64	73.12	20.45
70.62	64.15	14.59
63.72	52.06	8.79
48.40	43.52	3.60
32.47	41.38	0.79
24.48	46.20	0.43
26.00	55.85	0.37
31.56	64.94	-0.43
34.24	67.57	-1.16
