13.61	2.99	-2.44
11.84	4.27	-3.11
6.96	6.41	-3.36
-3.97	12.70	-3.36
-11.47	22.71	-3.54
-6.65	31.13	-3.78
4.58	34.24	-3.91
15.01	32.10	-3.23
21.91	27.47	-0.61
26.06	23.32	2.44
26.55	18.86	3.17
22.95	11.23	1.10
15.69	0.98	-1.34
6.04	-8.30	-1.04
-2.87	-15.01	2.62
-10.56	-20.51	7.75
-20.69	-24.66	12.76
-31.92	-26.31	17.09
-39.98	-25.63	20.94
-45.23	-24.72	24.23
-55.54	-26.49	26.43
-70.50	-34.79	27.53
-80.26	-61.65	29.54
-83.37	-69.95	29.97
-86.73	-74.52	30.76
-85.63	-76.66	33.14
-78.49	-76.78	36.87
-64.88	-78.61	44.01
-59.75	-85.14	46.33
-54.02	-93.75	47.12
-49.80	-102.48	46.14
-51.88	-111.39	44.31
-58.23	-120.42	43.27
-60.61	-128.23	41.63
-59.20	-133.30	37.96
-60.30	-134.03	33.81
-65.25	-130.74	30.21
-69.82	-126.16	26.86
-69.21	-121.77	24.05
-62.44	-115.97	22.52
-53.28	-107.30	21.12
-46.02	-97.17	18.62
-43.15	-87.46	15.81
-45.29	-79.16	14.40
-49.56	-73.24	14.71
-51.33	-69.58	15.87
-49.01	-67.02	16.24
-45.90	-64.09	14.95
-45.65	-60.61	13.31
-47.30	-57.01	12.63
-46.57	-53.34	12.02
-41.32	-47.67	10.07
-33.81	-39.49	6.90
-27.47	-31.74	4.46
-22.16	-27.40	3.30
-16.78	-24.17	1.71
-11.41	-18.43	0.06
-5.49	-10.01	-0.55
0.98	-0.79	-1.16
6.35	7.26	-2.99
9.64	12.39	-4.88
11.23	13.85	-5.31
11.84	6.53	-8.48
12.27	4.03	-12.08
12.57	1.83	-15.38
11.96	0.31	-17.27
10.13	0.06	-18.13
7.20	1.89	-19.47
4.03	4.27	-21.30
2.69	4.46	-22.09
3.60	2.38	-21.24
3.11	-3.30	-19.78
0.24	-4.03	-20.02
-1.77	-2.38	-20.39
-1.83	0.12	-20.45
-1.22	1.77	-20.39
-1.34	2.01	-20.08
-1.40	1.95	-19.29
0.49	3.23	-18.74
4.94	6.23	-19.04
11.17	9.16	-19.35
18.13	10.86	-19.84
25.09	12.51	-21.06
31.01	14.59	-22.46
34.12	16.24	-23.50
33.63	16.24	-24.11
31.25	14.22	-24.54
30.88	9.46	-26.79
34.12	9.58	-27.83
39.61	12.02	-28.20
47.79	16.48	-29.05
58.84	21.85	-30.64
71.29	26.79	-32.29
81.85	30.46	-34.00
87.89	32.78	-35.89
88.44	33.81	-37.41
83.25	33.57	-37.96
74.10	32.59	-37.54
63.90	31.62	-36.25
54.57	31.56	-34.30
47.61	32.41	-31.86
43.70	33.26	-28.44
40.89	33.69	-22.89
36.01	35.03	-13.12
28.44	38.57	-0.92
16.17	38.09	3.60
-2.38	27.65	-1.28
-22.09	14.34	-6.53
-36.19	5.55	-7.02
-34.42	0.06	-0.24
-18.07	2.44	-7.51
-1.28	5.92	-15.01
15.62	11.23	-20.87
34.55	18.55	-24.54
55.05	27.47	-26.73
78.67	37.35	-28.81
108.40	49.13	-31.31
145.02	62.87	-33.08
184.20	77.09	-31.74
215.94	90.70	-26.92
230.41	102.78	-21.24
230.90	110.66	-17.09
224.00	115.54	-16.42
221.74	115.72	-19.04
218.81	113.65	-22.64
215.45	109.50	-25.45
215.39	107.12	-25.63
220.03	108.83	-23.13
224.06	113.34	-19.84
220.83	114.32	-17.76
209.72	105.04	-13.79
193.91	88.81	-4.27
178.89	73.55	6.71
166.87	62.93	13.67
151.98	55.42	16.42
128.17	46.63	17.94
94.06	33.81	21.24
51.03	18.19	27.34
3.66	1.77	34.85
-40.71	-14.04	41.87
-167.42	-55.24	59.39
-221.37	-68.42	67.93
-273.38	-81.67	79.53
-311.95	-93.69	87.59
-338.44	-104.43	88.32
-368.16	-115.30	87.34
-453.31	-133.91	102.72
-484.31	-137.02	114.93
-491.46	-135.50	122.80
-469.97	-130.74	122.44
-422.24	-125.24	113.10
-304.50	-118.90	81.54
-263.79	-115.72	70.43
-234.37	-108.70	63.78
-211.18	-99.79	59.45
-195.68	-92.29	57.07
-187.74	-86.00	55.97
-182.50	-79.96	55.85
-176.39	-74.22	56.52
-165.59	-68.12	56.64
-147.34	-61.52	54.75
-73.85	-38.27	46.26
-61.95	-31.37	45.04
-66.22	-33.81	42.79
-73.85	-42.18	41.02
-70.50	-48.10	45.96
-58.23	-48.34	53.65
-44.68	-43.76	57.56
-28.20	-36.80	56.76
-12.08	-31.01	51.15
-1.22	-27.47	42.60
6.77	-24.41	34.30
60.61	-16.30	23.38
81.05	-8.06	20.75
92.77	0.00	17.46
91.74	0.06	14.77
88.62	-0.85	12.21
105.16	-0.43	9.34
130.62	1.04	6.10
127.62	1.10	4.88
103.21	-0.73	6.23
85.75	-0.31	7.20
83.80	3.42	7.57
89.17	8.61	8.42
97.96	18.68	8.48
99.30	7.45	-8.91
91.74	2.87	-8.00
83.19	-0.18	-6.41
78.86	-1.77	-4.46
81.12	-0.18	-1.46
90.15	5.25	1.89
105.16	13.67	4.76
123.05	23.13	6.59
139.22	31.92	6.71
150.88	39.18	5.07
145.57	50.29	-0.79
116.21	52.61	-6.29
110.05	51.09	-9.16
112.85	51.21	-14.34
122.38	53.28	-23.93
135.13	58.41	-36.13
152.16	66.89	-46.20
173.89	73.91	-51.51
199.04	77.58	-54.20
222.23	81.48	-57.98
237.00	87.34	-62.38
239.75	95.64	-63.42
231.02	104.19	-58.29
215.88	109.86	-49.74
199.71	111.45	-43.64
187.13	110.41	-42.91
178.41	106.99	-44.98
170.78	101.20	-44.92
163.02	96.25	-41.32
153.38	96.13	-36.19
141.54	101.93	-30.21
132.14	111.63	-23.62
147.95	131.47	-4.52
165.65	132.20	1.22
169.13	126.59	-0.55
157.59	117.74	-6.35
144.53	121.28	-8.42
129.76	123.66	-5.92
115.17	116.88	4.39
108.22	105.29	17.21
112.12	98.39	24.78
118.84	97.41	26.18
122.56	97.35	24.60
120.12	92.47	23.07
112.24	82.58	22.77
102.66	71.47	23.62
93.20	62.68	25.51
83.62	57.07	27.16
73.85	52.06	26.12
65.61	45.23	21.24
56.95	36.50	13.85
41.87	24.29	6.53
16.78	4.58	1.65
-13.31	-18.49	2.20
-73.24	-33.08	27.28
-97.35	-30.82	29.66
-135.74	-37.84	27.77
-181.34	-52.37	26.43
-226.32	-68.60	28.99
-294.31	-95.28	42.18
-314.94	-103.94	49.74
-338.93	-109.44	58.35
-377.32	-115.30	68.85
-430.42	-125.73	82.15
-506.41	-144.47	114.26
-496.52	-140.81	124.63
-453.12	-132.02	123.66
-397.64	-123.90	112.61
-353.52	-117.25	100.52
-326.84	-109.99	93.69
-306.34	-102.91	90.39
-276.98	-97.17	86.00
-245.00	-91.49	80.02
-228.27	-85.82	76.84
-226.99	-79.59	82.34
-212.40	-76.72	81.97
-193.73	-73.36	81.97
-178.04	-70.68	82.58
-172.36	-69.82	82.34
-176.03	-70.86	81.79
-179.81	-72.02	81.42
-175.35	-71.66	79.96
-160.34	-69.15	77.58
-137.63	-65.31	74.34
-113.40	-60.85	67.26
-96.13	-56.82	58.84
-86.61	-51.21	58.96
-80.14	-42.91	68.18
-74.16	-37.11	77.33
-61.95	-36.13	80.81
-44.62	-35.34	78.06
-28.75	-32.90	71.47
-13.79	-30.33	64.88
2.56	-28.20	59.94
23.56	-28.99	54.02
23.50	-31.74	51.88
24.96	-31.98	48.40
31.68	-27.83	42.54
41.26	-21.06	35.83
49.50	-14.65	30.46
57.19	-9.77	26.86
68.05	-6.04	24.41
83.07	-3.23	22.40
99.91	-1.53	20.45
115.23	-1.59	19.59
127.99	-1.16	18.49
134.58	2.44	10.01
126.71	2.14	1.16
118.71	-3.36	9.22
123.05	-6.84	22.83
125.92	-9.83	21.79
121.15	-13.92	1.59
242.74	10.25	13.79
268.25	20.02	10.07
275.57	32.47	5.74
276.79	61.04	-2.38
280.33	72.33	-3.05
287.60	81.42	-3.72
297.73	90.33	-7.08
301.88	99.30	-11.90
290.71	106.93	-15.56
266.97	112.06	-19.04
224.91	113.71	-33.51
211.73	111.27	-38.88
214.29	114.50	-35.40
211.79	115.72	-31.62
191.96	112.73	-26.12
154.30	108.95	-19.71
108.95	106.02	-15.62
69.95	103.39	-15.01
49.07	103.52	-16.66
44.74	104.61	-19.29
48.03	101.87	-21.12
54.44	96.01	-19.04
59.08	91.06	-13.24
54.02	87.28	-7.69
33.02	84.96	-3.97
-2.20	86.49	0.06
-76.54	97.47	11.90
-110.66	91.31	-0.79
-114.93	82.34	-17.15
-126.28	67.99	-29.05
-140.75	48.95	-31.25
-146.06	31.49	-24.66
-136.96	21.91	-14.47
-117.92	21.06	-5.98
-93.44	25.39	-0.61
-66.22	31.92	3.05
-40.47	38.88	6.84
-21.36	46.08	11.47
-9.77	53.10	15.44
-1.83	57.92	16.30
5.55	59.27	14.04
11.11	57.25	9.95
12.21	52.67	5.37
9.09	46.51	1.95
-1.65	39.18	1.10
-24.29	31.25	2.99
-50.23	23.19	5.74
-65.73	16.36	7.20
