6.10	-1.83	-0.92
6.10	-1.83	-0.92
10.44	0.00	-0.79
12.94	1.83	-0.43
13.43	3.54	-0.43
12.94	4.76	-0.92
12.63	5.74	-1.89
12.33	7.08	-3.54
11.96	8.36	-5.62
12.21	7.93	-6.90
12.57	5.86	-6.59
11.35	3.66	-4.94
8.00	2.38	-2.62
2.93	1.10	0.31
-17.33	-7.08	11.54
-24.66	-9.77	14.34
-33.94	-13.73	16.78
-47.06	-20.26	19.53
-61.22	-27.53	23.38
-71.53	-33.08	28.81
-74.52	-38.39	34.85
-71.04	-45.96	39.43
-67.93	-55.48	42.11
-69.15	-65.25	43.09
-98.94	-91.00	45.35
-114.50	-95.83	51.03
-127.93	-96.19	56.15
-136.11	-93.81	58.47
-138.73	-91.98	59.51
-136.35	-92.29	60.85
-123.47	-96.92	60.36
-122.07	-100.59	57.92
-123.66	-103.82	54.44
-126.16	-106.26	50.17
-126.53	-107.60	46.33
-106.02	-94.12	36.44
-95.83	-79.59	29.05
-90.64	-71.41	23.19
-90.27	-70.92	20.51
-91.55	-72.08	20.75
-88.68	-70.56	21.36
-81.79	-66.59	20.63
-74.34	-63.05	18.98
-67.81	-59.75	17.27
-62.93	-54.99	15.75
-59.57	-49.87	14.95
-54.87	-46.26	14.16
-47.91	-44.07	12.27
-40.89	-41.99	10.01
-36.68	-39.37	8.18
-36.13	-33.94	1.77
-36.19	-33.94	-2.81
-36.87	-35.89	-6.77
-38.45	-38.33	-8.54
-40.16	-39.31	-7.75
-40.28	-36.87	-4.27
-38.57	-30.09	0.31
-33.69	-22.28	1.65
-16.66	-13.06	-5.49
-12.94	-11.11	-6.71
-13.00	-11.11	-5.43
-12.27	-10.80	-4.46
-9.70	-8.36	-4.64
-7.75	-6.47	-4.27
-8.18	-6.53	-2.44
-8.97	-6.41	-0.43
-8.18	-3.11	0.55
-7.14	2.26	0.61
-6.96	5.49	0.55
-6.90	4.58	0.67
-6.23	0.67	0.92
-6.04	-4.09	1.77
-7.45	-9.83	7.14
-6.35	-7.51	10.19
-2.99	-3.11	13.18
3.91	1.71	16.42
13.85	6.47	18.62
23.44	10.13	18.43
28.75	11.11	15.56
27.16	7.69	10.80
19.96	-0.06	6.77
8.00	-14.22	5.19
6.71	-16.66	5.49
7.02	-18.01	6.65
9.40	-18.86	10.25
13.49	-17.64	15.38
16.91	-12.70	17.70
17.76	-3.91	13.92
15.56	4.64	6.23
12.21	8.73	-0.37
10.50	9.16	-3.85
12.27	8.97	-5.92
16.42	9.34	-7.87
20.75	10.62	-9.16
24.60	12.88	-9.83
29.36	17.40	-10.56
38.45	25.27	-11.60
53.59	36.13	-13.06
87.04	58.59	-18.07
78.49	52.55	-19.17
61.89	35.03	-14.16
58.35	30.09	-13.12
57.13	26.00	-12.88
56.27	23.19	-12.51
54.20	22.03	-11.54
50.48	23.25	-10.13
47.79	26.98	-9.52
48.89	32.10	-11.72
52.25	35.95	-14.95
53.22	35.77	-15.38
50.05	31.31	-13.73
43.88	23.62	-13.00
34.61	13.55	-12.08
23.19	2.38	-9.46
11.78	-7.45	-6.04
1.53	-14.04	-2.75
-7.39	-14.10	-1.83
-5.98	-11.05	-3.30
-3.11	-8.42	-3.97
-0.79	-7.14	-3.97
-1.34	-7.87	-3.48
-5.98	-10.38	-2.69
-13.73	-13.67	-1.71
-21.67	-16.66	-0.43
-26.92	-17.94	0.49
-27.95	-17.33	0.37
-24.78	-15.69	-0.43
-17.70	-12.88	-1.71
-8.06	-9.03	-3.78
2.20	-5.13	-6.35
11.84	-1.89	-8.91
28.26	6.10	-11.41
28.63	7.51	-11.29
29.24	7.75	-12.21
31.07	7.87	-14.10
33.57	8.61	-15.75
35.34	8.85	-16.17
34.91	6.16	-16.30
32.90	0.49	-18.01
30.03	-4.58	-20.45
27.47	-6.59	-22.16
26.37	-5.25	-22.71
26.73	-1.22	-21.42
28.44	2.99	-19.84
29.30	5.00	-19.23
26.61	5.00	-19.47
21.48	4.33	-20.45
16.48	2.99	-21.12
12.57	0.24	-20.63
10.56	-2.81	-20.32
11.84	-4.03	-21.00
17.70	-1.59	-22.16
28.75	5.19	-24.29
45.78	15.75	-28.20
68.54	28.38	-33.45
95.03	41.44	-40.47
123.84	53.65	-48.71
148.32	64.76	-53.65
162.48	75.87	-54.20
174.19	88.99	-55.18
191.71	105.77	-58.72
234.80	140.69	-66.71
297.73	169.56	-78.12
302.37	169.92	-80.69
294.31	167.54	-79.22
284.42	165.53	-68.66
279.36	163.70	-49.68
269.41	158.57	-32.23
250.37	147.28	-23.07
228.03	132.32	-20.08
202.70	114.32	-18.49
172.85	93.51	-13.55
138.61	74.28	-3.91
98.94	58.96	7.32
55.48	46.39	16.60
14.59	35.22	22.46
-13.85	25.15	24.72
-26.37	17.94	25.15
-32.78	13.73	25.76
-43.95	8.61	28.02
-159.85	-48.28	57.19
-211.43	-66.77	65.19
-269.59	-85.02	74.89
-334.11	-103.21	87.65
-402.04	-120.48	104.55
-465.21	-135.01	124.15
-511.35	-145.57	141.48
-530.15	-150.82	151.25
-520.08	-150.45	152.16
-491.09	-144.47	147.64
-455.99	-134.46	141.91
-417.42	-124.33	136.78
-379.27	-116.58	130.31
-349.73	-111.15	120.91
-320.74	-107.79	109.86
-281.01	-106.20	98.88
-232.79	-106.32	89.29
-177.37	-105.47	80.93
-123.78	-100.71	71.84
-77.64	-80.93	55.60
-74.95	-71.04	52.98
-76.42	-63.54	52.80
-81.05	-57.56	52.00
-87.71	-53.77	47.55
-94.18	-52.06	42.42
-92.71	-49.07	42.11
-78.86	-41.08	46.51
-55.05	-30.15	50.96
-25.76	-22.89	50.48
4.70	-21.79	45.47
29.60	-22.77	39.55
42.72	-21.48	34.97
46.20	-17.58	32.35
48.22	-12.76	31.07
54.02	-10.13	30.52
100.46	-15.56	27.89
116.70	-9.83	25.51
138.18	-4.64	20.87
156.86	0.67	15.87
172.61	6.53	12.57
185.91	12.15	9.77
192.93	17.03	6.04
197.39	21.61	3.05
209.66	25.51	1.22
231.69	29.48	-1.53
253.66	35.34	-5.80
263.73	44.80	-9.64
259.22	56.82	-11.47
250.24	67.63	-12.08
243.53	76.66	-10.56
235.90	79.59	-5.43
208.07	73.12	-50.96
201.42	78.98	-54.63
191.65	82.28	-57.19
180.60	80.02	-59.51
168.76	71.96	-59.75
156.98	61.77	-57.68
145.63	52.49	-57.25
141.24	46.51	-61.16
156.37	45.72	-76.17
167.11	49.93	-82.46
168.64	50.72	-73.91
166.63	50.48	-60.24
162.05	50.11	-47.79
155.27	48.58	-39.18
143.49	45.04	-32.78
124.08	40.16	-26.86
103.27	35.83	-21.42
91.74	33.69	-17.58
94.73	35.28	-17.27
109.07	40.83	-20.63
128.30	48.95	-23.99
147.09	57.50	-24.23
163.70	66.65	-21.42
183.47	78.12	-17.09
210.69	92.10	-11.54
240.48	106.38	-4.15
262.94	118.10	4.64
268.80	124.69	13.55
255.31	126.77	20.94
229.31	127.01	25.27
201.48	125.12	25.45
171.14	117.92	22.52
127.99	104.19	19.29
73.73	85.45	17.70
25.33	64.58	18.19
-6.23	44.56	19.53
-21.79	27.16	19.65
-25.94	11.66	16.85
-24.23	-0.73	11.72
-19.96	-8.30	6.16
-14.71	-11.96	1.46
-11.05	-10.56	-0.98
-8.85	-3.60	-0.85
-7.26	4.88	0.85
-3.17	14.95	5.00
0.92	16.85	6.04
2.69	15.01	8.06
3.54	10.31	11.17
6.04	7.32	14.16
8.06	7.02	16.60
5.37	6.65	18.37
-0.37	5.25	18.55
-3.97	4.70	16.30
-5.49	5.92	11.96
-6.59	8.36	7.87
-7.93	10.38	5.62
-9.64	11.29	5.37
-10.01	12.70	6.35
-8.48	19.65	6.47
-16.30	19.90	3.60
-31.56	16.11	0.85
-49.62	9.95	0.12
-65.12	3.05	1.77
-80.14	-4.64	7.32
-98.21	-14.10	16.97
-144.84	-38.21	37.23
-180.24	-50.72	45.17
-226.99	-61.77	51.33
-275.02	-71.23	55.60
-314.94	-80.02	59.02
-344.60	-88.20	63.17
-366.82	-94.12	68.24
-386.47	-96.92	73.67
-400.02	-95.83	78.98
-399.90	-91.49	83.44
-388.18	-85.14	85.82
-376.34	-78.98	85.39
-370.00	-75.87	82.64
-366.33	-76.11	78.74
-360.66	-77.94	75.01
-349.49	-79.47	71.78
-332.95	-79.90	68.54
-315.49	-80.02	65.98
-299.44	-80.08	64.64
-279.79	-78.06	61.77
-250.79	-74.16	54.57
-217.16	-69.89	44.92
-189.64	-64.76	37.17
-172.97	-57.68	33.69
-163.27	-49.80	34.24
-158.02	-43.40	37.48
-159.91	-39.25	41.93
-161.25	-30.70	48.65
-151.55	-26.79	48.22
-140.38	-23.07	47.55
-133.67	-21.97	47.55
-135.38	-24.78	48.77
-137.39	-28.02	50.29
-109.25	-24.96	47.91
-90.09	-20.87	47.24
-79.96	-16.78	51.09
-77.76	-14.10	57.50
-76.29	-13.55	62.87
-65.61	-13.37	67.50
-9.89	-7.45	67.08
12.88	-6.16	60.06
22.40	-5.62	53.71
23.13	-5.19	50.11
23.80	-5.43	48.28
31.98	-6.23	46.87
45.23	-7.32	45.72
52.43	-7.93	45.29
46.02	-7.93	46.39
28.63	-8.97	48.22
8.48	-12.45	49.44
0.79	-24.17	46.57
43.27	-24.23	39.67
49.62	-21.30	39.73
44.37	-17.40	38.45
58.59	-16.48	35.71
73.79	-12.02	35.22
86.55	-5.07	30.03
92.53	-3.17	27.95
100.65	-2.62	37.11
112.37	2.26	43.82
121.46	5.80	38.88
124.69	8.00	30.64
124.08	11.96	29.54
127.26	17.27	34.06
132.93	18.07	31.80
144.59	17.52	22.22
171.39	24.48	12.94
210.27	37.05	4.09
248.90	50.11	-4.70
277.59	61.83	-12.76
293.33	70.98	-19.41
297.00	77.88	-23.99
281.37	90.52	-24.29
278.81	97.47	-23.62
284.36	103.64	-23.93
295.04	109.01	-24.84
310.36	115.11	-27.04
323.43	122.44	-29.05
320.80	130.43	-27.59
296.14	139.47	-21.61
257.69	149.84	-14.71
200.93	167.42	-16.60
191.35	172.97	-24.29
191.96	176.82	-31.56
195.50	179.08	-35.40
195.86	182.80	-36.80
195.50	187.13	-38.21
198.97	184.45	-32.35
197.39	165.83	-8.42
163.94	135.50	20.94
103.88	113.04	31.31
50.60	106.32	24.54
13.61	102.54	18.07
-12.27	94.18	18.37
-29.54	89.48	22.46
-38.15	90.39	25.45
-39.92	84.53	25.76
-41.08	71.17	26.98
-45.29	62.26	29.24
-50.54	63.35	28.26
-54.81	68.97	27.10
-69.40	64.51	32.59
-105.29	43.09	40.77
-152.59	14.34	44.43
-197.14	-10.50	43.58
-231.26	-26.43	41.14
-247.99	-33.57	38.09
-245.18	-37.23	35.83
-228.39	-40.22	34.55
-200.07	-38.27	30.09
-161.13	-28.50	19.96
-91.19	-0.85	0.73
-74.04	9.77	-2.75
-58.17	17.46	-5.74
-34.91	23.44	-11.96
-12.82	29.97	-21.12
-3.48	35.16	-27.83
-7.57	34.36	-28.02
-18.68	29.42	-23.32
-28.75	25.70	-17.88
-35.22	23.62	-13.73
-36.38	19.78	-9.40
-30.27	13.49	-3.66
-20.51	7.39	2.50
-10.68	2.32	7.32
-4.76	-2.26	9.40
-6.65	-6.41	8.73
-14.71	-9.83	6.96
-24.05	-8.97	5.80
-27.83	4.03	6.10
