-0.18	-0.49	2.01
0.67	-1.34	2.26
0.85	-2.81	2.81
0.00	-4.52	3.72
-4.33	-6.77	5.55
-6.96	-6.59	5.31
-8.73	-5.62	4.46
-9.03	-4.76	3.42
-8.42	-5.00	2.81
-7.63	-6.53	3.05
-7.51	-8.85	3.78
-8.85	-10.86	4.15
-11.05	-12.39	4.52
-12.51	-14.89	5.98
-14.34	-17.70	7.87
-17.40	-19.04	9.22
-20.81	-19.53	9.64
-24.11	-19.71	8.97
-27.89	-20.02	8.12
-33.26	-21.97	8.12
-38.45	-24.84	9.16
-41.08	-26.79	9.95
-41.02	-27.34	9.77
-39.73	-27.28	9.09
-39.55	-27.89	8.67
-41.44	-29.60	8.79
-45.17	-31.56	8.91
-50.05	-33.51	8.79
-54.87	-35.71	8.18
-58.41	-38.21	7.26
-60.67	-40.34	6.29
-63.48	-43.88	5.43
-65.19	-46.14	6.04
-66.28	-48.89	6.65
-66.04	-52.00	6.04
-64.82	-55.42	4.27
-60.85	-61.89	2.81
-60.49	-63.90	3.78
-62.93	-65.43	5.55
-65.49	-67.08	7.93
-65.31	-68.42	10.01
-61.77	-67.87	9.83
-56.76	-65.31	7.02
-53.04	-61.40	3.72
-52.12	-57.56	2.01
-54.57	-54.26	1.83
-58.84	-51.21	1.77
-64.27	-43.40	-3.17
-62.13	-42.48	-6.04
-59.57	-42.72	-8.48
-57.92	-43.76	-9.22
-57.68	-44.98	-7.87
-57.01	-44.43	-5.31
-54.32	-40.71	-3.36
-50.23	-34.91	-2.87
-46.02	-28.99	-3.05
-42.48	-23.80	-3.36
-39.49	-19.53	-3.78
-33.87	-14.71	-6.47
-33.69	-14.89	-7.87
-34.79	-16.48	-7.51
-34.42	-17.40	-6.04
-30.94	-16.72	-5.13
-26.12	-14.83	-5.37
-22.64	-12.76	-6.90
-21.85	-11.05	-9.16
-23.25	-10.62	-10.50
-24.41	-10.56	-10.13
-23.07	-9.09	-9.58
-19.78	-7.20	-9.64
-16.05	-6.90	-9.28
-11.96	-7.75	-8.06
-7.51	-8.24	-6.84
-5.00	-9.95	-3.66
-9.22	-11.84	-2.93
-16.78	-14.10	-3.54
-25.82	-15.81	-4.52
-33.02	-16.05	-5.74
-36.74	-15.81	-6.59
-37.29	-15.87	-6.41
-35.34	-15.75	-6.16
-32.29	-14.59	-7.39
-29.17	-12.76	-9.34
-26.55	-11.17	-10.80
-25.70	-12.08	-14.59
-26.18	-13.06	-16.30
-24.78	-13.61	-16.30
-21.67	-14.47	-15.26
-18.25	-15.75	-14.34
-14.22	-15.62	-13.06
-8.24	-12.15	-11.41
-0.06	-6.77	-10.25
8.30	-2.56	-8.91
14.89	-1.95	-5.74
22.16	-3.30	-2.99
30.58	-2.08	-3.91
34.97	1.65	-7.08
33.39	5.19	-10.01
29.11	8.73	-11.54
25.70	12.94	-12.21
23.74	15.50	-12.21
22.77	14.16	-11.60
24.66	2.75	-15.08
40.83	13.92	-12.39
64.94	30.46	-12.08
73.61	33.20	-13.61
73.36	32.10	-17.52
70.56	31.19	-22.34
67.87	31.25	-26.49
68.73	31.74	-28.56
75.56	33.20	-28.50
87.89	37.11	-27.71
104.74	44.43	-27.71
125.12	54.38	-29.24
145.08	65.49	-31.92
161.32	76.48	-34.24
172.00	85.39	-34.42
177.12	90.64	-32.53
180.30	93.63	-30.82
185.73	97.35	-30.76
193.91	102.54	-31.56
203.12	107.91	-31.43
212.04	112.37	-29.85
223.27	118.16	-28.14
239.32	127.14	-28.38
255.62	136.11	-30.33
263.61	140.81	-33.08
257.93	138.37	-35.22
239.38	129.33	-33.94
167.97	96.92	-2.56
123.90	60.06	30.46
86.24	40.22	37.23
-21.12	1.16	42.54
-75.13	-14.47	45.72
-122.01	-28.14	52.86
-163.15	-41.26	62.99
-204.28	-53.83	73.43
-250.00	-65.80	82.09
-296.94	-77.15	89.11
-340.94	-86.61	95.83
-385.25	-94.36	102.36
-467.83	-105.04	118.23
-489.07	-106.32	126.16
-484.80	-104.74	128.66
-461.12	-102.23	125.67
-430.30	-99.98	120.73
-362.30	-93.44	108.70
-321.41	-87.89	98.94
-277.16	-81.48	87.71
-238.71	-75.99	78.80
-214.23	-72.69	74.71
-203.25	-70.56	74.89
-182.86	-62.13	76.29
-165.22	-54.99	73.79
-146.42	-47.97	70.31
-128.48	-43.09	66.71
-114.99	-41.08	63.90
-103.82	-40.53	61.52
-88.62	-39.31	57.37
-70.37	-36.93	49.93
-53.41	-34.73	42.05
-41.87	-33.20	37.72
-39.43	-35.28	43.15
-28.81	-33.45	45.47
-14.22	-29.54	40.47
-1.65	-26.92	32.47
8.18	-24.41	26.73
14.65	-21.61	23.13
17.82	-20.39	20.63
20.20	-21.12	19.35
26.18	-21.97	19.35
35.40	-21.30	20.08
44.13	-19.35	20.63
50.60	-16.85	19.71
55.79	-13.55	16.85
66.22	-5.49	10.99
68.85	-2.62	9.52
68.66	-1.89	9.03
67.50	-2.26	9.03
66.35	-2.08	8.61
66.89	-0.55	7.93
72.27	2.44	7.14
83.62	6.77	5.62
100.46	12.02	3.11
120.73	17.88	-0.55
151.00	38.33	-12.39
112.06	44.86	2.75
106.75	46.94	17.88
113.04	49.68	23.19
119.93	49.26	15.56
118.04	41.69	5.80
103.64	24.05	-4.70
100.46	20.69	-12.94
108.95	23.50	-14.16
116.58	27.40	-16.48
121.28	30.88	-20.51
125.55	32.53	-26.43
131.90	32.10	-34.18
140.01	30.27	-43.33
148.99	29.66	-52.98
159.42	32.23	-60.42
170.29	35.10	-64.45
182.25	36.19	-68.54
194.15	37.35	-73.97
200.26	41.08	-78.12
200.38	47.24	-79.83
198.73	55.60	-79.41
198.36	65.67	-77.51
201.48	77.39	-76.48
208.74	90.33	-76.84
218.02	103.03	-76.11
226.26	113.59	-71.17
231.20	121.89	-62.99
230.77	127.32	-54.75
225.22	128.48	-47.79
217.10	127.69	-42.72
199.71	125.79	-36.62
173.46	104.98	-19.35
156.01	97.53	-11.66
137.02	89.60	-0.92
124.21	84.35	7.26
119.57	82.76	9.16
119.20	81.85	6.96
117.74	78.49	4.09
113.10	71.47	2.93
108.76	63.90	3.05
107.67	58.23	2.87
105.04	51.39	1.95
93.75	39.00	1.34
74.77	23.74	1.28
56.58	14.04	0.79
45.96	10.25	0.85
44.68	8.67	2.56
49.07	10.62	4.39
52.31	14.04	5.80
49.74	15.32	7.14
42.42	14.59	8.61
33.94	14.83	9.95
25.21	16.66	10.38
15.14	18.13	9.52
3.66	17.82	8.18
-6.84	16.60	7.87
-11.23	15.75	9.40
-6.84	14.53	11.60
2.75	11.90	12.76
13.49	8.48	12.21
25.21	5.13	9.46
36.01	1.53	5.13
41.56	-3.60	0.79
40.10	-10.99	-1.53
32.17	-19.53	0.12
21.00	-28.99	6.35
12.39	-39.18	14.77
9.58	-48.77	21.24
11.41	-56.70	24.05
15.62	-63.29	23.56
19.59	-66.53	20.51
20.81	-66.16	16.60
16.05	-64.64	13.98
3.60	-63.48	13.67
-12.33	-63.05	14.22
-22.58	-61.83	13.18
-20.08	-57.56	9.89
16.42	-39.18	-1.65
37.05	-29.24	-7.69
49.32	-22.46	-11.66
51.64	-18.80	-12.82
49.19	-15.81	-12.51
48.03	-11.84	-13.31
56.09	5.25	-14.89
67.38	26.43	-16.11
118.16	68.05	-35.95
152.77	74.83	-24.11
169.43	78.25	-11.78
184.02	81.67	-1.95
187.81	81.05	4.27
176.94	77.76	8.12
157.65	76.23	11.17
138.24	76.42	14.28
119.57	74.58	18.13
99.67	67.87	22.52
77.27	57.19	27.16
51.45	45.35	31.68
23.86	34.42	35.40
-4.58	24.84	38.27
-30.88	16.42	39.31
-51.88	8.36	37.17
-90.76	-8.24	28.38
-109.44	-15.99	25.15
-125.79	-23.62	22.83
-145.32	-32.41	22.03
-176.70	-43.88	24.72
-224.06	-59.08	31.98
-284.48	-77.15	43.40
-348.08	-95.76	57.37
-404.11	-112.79	71.66
-447.27	-126.77	84.29
-476.26	-136.05	94.24
-495.36	-145.75	103.88
-499.57	-149.29	107.42
-513.55	-155.27	113.77
-535.40	-161.07	121.52
-549.26	-161.44	127.44
-538.88	-153.32	127.75
-503.23	-140.69	121.89
-453.00	-128.48	112.30
-397.58	-116.70	101.38
-341.31	-103.82	89.84
-290.77	-90.21	79.22
-251.10	-77.94	70.43
-223.57	-68.91	64.09
-209.41	-63.84	61.34
-203.67	-61.71	61.22
-198.91	-60.36	60.79
-192.08	-59.45	59.94
-180.54	-58.90	59.51
-159.55	-57.56	57.50
-127.75	-56.27	52.31
-81.73	-53.47	44.07
-84.47	-50.78	46.57
-91.92	-48.40	50.29
-90.21	-45.17	51.03
-75.87	-38.64	51.27
-54.14	-29.42	53.71
-18.25	-21.79	60.97
12.82	-17.09	49.87
21.79	-14.77	41.99
29.60	-12.70	36.68
38.45	-11.05	33.87
45.84	-9.58	32.96
50.42	-8.12	33.33
52.92	-6.96	34.00
55.18	-6.65	33.45
58.78	-7.08	30.58
79.65	-3.91	19.47
91.06	1.59	10.80
94.30	1.77	7.45
102.05	-2.08	12.82
118.96	-3.17	16.72
136.47	-1.16	13.12
145.69	3.05	6.53
145.26	7.81	1.53
143.74	11.47	-2.01
143.55	15.26	-5.31
144.65	18.49	-9.28
150.02	20.75	-14.47
156.98	28.26	-21.18
159.97	32.47	-23.38
168.40	36.80	-26.61
179.44	42.42	-28.50
192.50	48.28	-28.50
209.35	52.67	-29.54
224.61	56.88	-31.49
227.66	63.90	-28.87
219.97	68.30	-25.57
217.41	75.74	-25.45
211.91	78.92	-24.41
207.03	75.07	-21.97
203.49	67.93	-18.49
203.00	62.74	-14.89
208.19	63.29	-12.08
222.72	77.21	-9.09
220.52	84.96	-9.70
211.36	91.86	-12.76
202.03	98.94	-18.13
194.34	105.53	-23.74
183.35	110.29	-26.18
166.20	111.82	-23.74
125.55	104.43	-13.00
105.83	98.82	-8.61
89.48	92.29	-6.53
77.76	86.55	-6.90
68.42	82.34	-9.22
53.96	77.39	-13.00
28.69	70.56	-16.72
-5.80	64.76	-18.68
-43.52	65.67	-17.40
-79.90	67.75	-14.53
-116.21	59.69	-9.77
-153.75	43.33	-0.24
-187.26	28.56	10.13
-204.53	21.97	15.81
-194.52	20.69	18.80
-164.86	16.91	23.99
-133.06	11.05	28.20
-109.01	7.75	25.70
