-0.92	-7.87	0.43
-2.50	-9.03	0.31
-4.33	-9.77	0.61
-4.15	-9.64	0.85
-2.14	-8.85	0.61
-0.43	-8.18	0.06
-0.24	-8.06	-0.12
-0.73	-8.12	-0.12
-0.85	-8.00	-0.61
-0.79	-7.57	-1.71
0.18	-6.77	-3.48
1.28	-7.02	-3.78
1.71	-7.57	-3.85
1.22	-8.06	-3.60
0.00	-8.54	-3.30
-2.08	-9.28	-2.99
-5.07	-10.31	-2.26
-7.63	-11.60	-1.16
-9.03	-13.61	-0.18
-10.25	-16.66	0.43
-11.60	-20.69	0.55
-12.33	-25.33	0.24
-11.72	-30.46	-0.61
-9.95	-36.07	-2.20
-7.69	-42.60	-3.85
-6.53	-51.21	-5.25
-7.69	-63.05	-7.75
-11.84	-76.72	-13.37
-21.42	-89.97	-21.48
-57.37	-118.90	-33.45
-76.48	-136.23	-35.64
-91.13	-150.45	-37.90
-99.12	-154.30	-40.16
-100.04	-144.23	-39.79
-93.44	-124.39	-35.28
-79.83	-103.15	-28.81
-62.38	-87.04	-23.86
-45.72	-77.33	-22.22
-33.14	-73.06	-23.19
-25.82	-72.69	-25.70
-25.02	-74.28	-28.50
-31.07	-76.48	-29.79
-40.53	-77.39	-28.08
-63.96	-53.41	-18.92
-70.31	-48.89	-16.85
-74.04	-47.67	-13.79
-74.58	-45.96	-10.56
-74.95	-43.33	-8.06
-78.12	-41.69	-6.16
-82.70	-41.26	-4.33
-75.26	-28.87	-5.86
-70.37	-24.72	-7.02
-64.64	-21.06	-6.10
-55.66	-16.91	-5.43
-43.09	-9.83	-11.54
-49.68	-11.60	-13.00
-55.91	-13.79	-14.16
-57.07	-13.85	-14.89
-36.93	2.99	-12.45
-33.20	6.77	-12.21
-30.33	9.16	-13.49
-27.59	9.52	-14.71
-26.06	7.02	-14.22
-26.25	2.38	-12.88
-33.20	-3.54	-11.84
-39.61	-2.44	-10.56
-45.23	-0.37	-9.09
-48.65	1.59	-8.85
-49.80	3.23	-9.89
-48.65	3.78	-11.05
-45.29	2.20	-11.29
-40.89	-0.37	-10.38
-35.83	-1.77	-9.16
-31.43	-2.01	-8.42
-29.30	-1.77	-8.06
-28.26	-0.98	-8.36
-28.50	-4.09	-13.55
-28.02	-7.14	-13.18
-26.86	-9.09	-12.33
-26.18	-10.80	-11.35
-22.77	-10.07	-10.38
-19.17	-6.59	-10.01
-14.34	-2.08	-10.19
-8.54	2.75	-11.29
-3.23	6.77	-12.51
1.04	8.73	-13.00
5.19	9.03	-12.82
9.70	9.40	-12.57
14.40	10.62	-12.15
18.31	13.18	-11.11
19.65	16.24	-9.58
17.94	18.01	-8.36
15.50	17.88	-8.18
18.86	15.56	-9.40
36.68	24.11	-7.75
44.13	26.79	-8.24
55.73	30.82	-9.46
70.43	36.56	-10.25
85.82	44.56	-10.01
98.82	52.67	-10.68
106.75	56.58	-14.16
94.91	52.49	-9.09
87.22	52.55	-13.73
81.91	52.80	-20.26
77.70	56.52	-23.50
78.12	63.17	-21.85
87.28	71.96	-17.94
106.38	83.19	-14.34
130.43	94.79	-13.31
153.69	103.88	-15.62
172.49	110.29	-18.74
186.04	115.11	-19.53
197.51	117.68	-12.39
193.60	116.52	-5.74
186.28	114.99	0.12
180.85	114.87	5.98
177.12	117.19	13.49
170.41	118.23	19.41
159.48	113.89	21.06
144.53	103.70	20.14
122.50	89.29	18.43
90.76	73.18	17.03
52.92	56.64	17.52
16.54	41.08	20.14
-12.21	27.47	24.11
-33.81	16.91	30.09
-52.31	10.86	37.41
-66.41	9.28	42.36
-75.50	0.61	32.35
-149.17	-33.63	52.12
-186.40	-43.46	61.40
-219.24	-49.38	66.59
-245.30	-52.86	68.36
-266.78	-55.73	68.97
-287.72	-58.53	70.86
-311.52	-61.52	74.77
-338.01	-66.10	79.16
-363.28	-74.28	83.07
-385.31	-86.43	87.65
-404.60	-100.22	94.42
-410.71	-115.11	107.36
-380.49	-113.10	104.43
-339.97	-108.76	93.87
-303.41	-104.25	80.63
-272.52	-98.69	69.82
-208.80	-85.39	59.94
-180.91	-77.58	57.37
-161.32	-67.87	55.91
-142.09	-57.56	54.50
-119.38	-48.22	51.51
-96.19	-38.33	47.18
-75.81	-27.53	42.36
-61.95	-22.52	36.80
-59.27	-28.56	30.52
-67.26	-43.76	27.65
-54.81	-55.85	46.57
-26.12	-40.10	54.50
4.70	-24.11	54.93
28.69	-14.28	49.50
42.42	-8.91	41.93
52.49	-6.71	34.97
69.03	-6.16	29.48
95.15	-4.27	26.06
128.36	-1.04	24.54
194.70	3.30	20.94
200.20	6.90	17.15
179.69	12.63	18.25
171.75	22.95	19.96
193.18	32.96	14.65
215.88	34.18	2.75
218.57	25.82	-4.27
211.12	14.83	-1.89
204.71	7.69	3.05
203.80	9.34	5.00
204.04	18.62	4.46
199.10	30.46	3.48
191.59	40.95	2.50
188.78	47.79	0.98
193.79	50.11	-0.98
204.16	48.52	-2.93
215.94	43.58	-6.04
222.35	36.50	-20.02
220.15	35.83	-40.89
220.83	40.95	-47.85
214.05	52.61	-48.10
200.93	64.39	-44.92
186.71	70.86	-41.75
176.88	72.39	-40.41
173.40	73.00	-41.02
173.10	75.01	-42.24
174.19	78.98	-42.36
183.35	82.52	-41.75
201.35	86.55	-40.77
217.35	95.15	-37.41
221.31	121.03	-20.20
210.33	133.06	-0.61
194.82	142.27	15.20
194.76	146.55	12.51
185.30	122.92	8.24
171.33	109.50	14.28
157.41	100.04	20.81
141.78	94.12	26.18
122.62	89.90	30.94
100.46	85.08	35.34
79.96	78.31	38.51
64.82	70.43	39.92
53.28	62.99	39.79
41.14	55.73	38.88
28.08	47.79	37.60
1.04	35.28	35.10
-70.56	0.31	25.82
-129.70	-26.86	19.29
-172.06	-40.77	22.71
-219.42	-57.50	30.88
-266.72	-75.44	41.56
-314.88	-92.65	52.67
-358.83	-108.15	64.51
-422.73	-136.29	91.25
-449.58	-145.26	102.97
-467.35	-148.86	111.63
-470.52	-149.35	115.36
-458.19	-147.83	113.65
-435.00	-144.65	108.89
-376.28	-135.13	98.33
-352.97	-132.14	93.99
-334.11	-129.76	89.66
-314.03	-126.77	84.11
-288.27	-124.15	78.74
-236.27	-109.07	70.80
-158.26	-70.62	60.42
-140.26	-60.00	59.88
-126.46	-51.39	59.57
-117.55	-43.70	59.45
-111.39	-36.32	59.33
-107.12	-30.03	58.53
-103.70	-28.44	55.05
-105.47	-32.53	52.73
-104.13	-36.13	45.96
-100.65	-39.06	37.41
-97.17	-40.22	36.25
-91.13	-38.94	42.05
-79.77	-37.23	46.94
-61.71	-35.64	47.97
-39.92	-32.41	45.78
-19.78	-28.50	41.93
-7.08	-24.90	38.33
-2.44	-18.37	34.85
0.79	-16.11	34.12
10.62	-14.95	32.65
25.15	-14.65	29.97
36.93	-14.77	27.59
42.30	-14.83	26.25
41.87	-14.95	24.72
38.51	-15.38	22.40
39.37	-15.87	19.84
49.44	-16.48	17.09
78.31	-14.95	13.06
91.06	-12.94	8.24
73.79	-34.73	-12.70
85.27	-35.83	-7.57
100.77	-31.49	-8.12
121.52	-25.51	-14.40
143.49	-17.40	-22.40
196.29	2.56	-19.29
233.58	16.97	-6.53
254.70	34.91	8.24
270.75	50.54	15.50
296.39	60.06	12.27
309.69	66.04	6.77
306.52	65.86	2.93
307.25	59.94	-2.50
307.86	57.80	-6.96
296.51	61.34	-4.76
281.74	65.31	1.40
270.39	68.48	5.19
257.69	70.19	4.82
243.41	68.91	0.98
231.99	66.89	-5.00
226.07	66.28	-10.68
223.57	68.66	-14.71
220.70	75.38	-17.27
211.61	83.86	-17.82
190.31	92.90	-15.44
155.70	102.29	-11.35
112.92	111.39	-8.79
73.00	120.06	-10.31
31.68	128.78	-23.99
32.41	130.25	-31.37
40.53	128.42	-38.82
48.46	121.03	-45.23
56.21	111.39	-45.53
65.49	104.49	-36.80
76.35	107.91	-20.94
86.12	117.68	-5.07
88.07	118.41	2.87
78.92	107.54	2.32
61.77	93.75	-2.32
-16.85	86.55	-16.72
-47.61	78.00	-19.78
-69.70	59.75	-20.26
-73.67	37.23	-15.20
-63.54	19.71	-6.84
-51.51	13.12	0.12
-43.64	15.50	4.27
-39.06	19.47	6.41
-37.54	19.04	6.59
-41.14	12.88	5.74
-50.54	3.91	5.49
