7.93	0.49	2.44
8.12	1.34	2.93
7.08	2.08	3.78
5.68	2.69	4.33
5.25	3.36	4.64
6.29	4.33	4.94
7.69	5.19	5.55
8.91	5.07	6.47
11.90	3.23	7.81
17.21	0.37	9.46
31.62	-4.64	10.07
38.09	-7.93	6.23
32.96	-11.17	0.55
20.63	-13.18	-0.37
10.74	-13.92	5.07
6.23	-16.54	9.64
2.26	-25.09	10.13
-12.27	-38.82	10.62
-51.27	-60.12	17.52
-56.70	-60.06	17.21
-52.80	-53.89	14.40
-49.74	-48.40	13.61
-52.12	-48.22	16.60
-57.25	-53.10	21.61
-62.56	-60.30	26.61
-67.14	-67.32	30.46
-72.69	-73.49	32.47
-81.05	-78.86	31.80
-91.55	-83.86	28.14
-103.39	-87.95	22.71
-113.10	-90.21	18.31
-113.16	-91.19	16.97
-102.23	-92.41	17.70
-89.78	-94.67	18.55
-80.81	-97.05	18.25
-69.27	-96.74	16.11
-45.96	-92.83	13.49
-13.37	-86.98	11.72
8.67	-80.02	10.68
12.15	-74.28	10.25
10.68	-73.06	10.07
12.45	-75.68	8.97
13.43	-79.04	6.23
10.01	-82.64	1.77
-18.31	-88.50	-7.08
-38.94	-85.57	-5.00
-56.58	-78.06	1.71
-66.41	-69.40	8.54
-65.80	-61.83	11.90
-56.70	-54.02	11.90
-44.74	-44.98	9.46
-33.20	-37.66	4.03
-24.96	-34.00	-1.83
-23.01	-22.89	-4.33
-23.44	-14.71	-4.76
-23.62	-10.07	-5.62
-24.78	-11.54	-5.55
-25.51	-21.67	-4.21
-20.45	-20.20	-5.13
-14.04	-13.37	-6.71
-9.22	-5.13	-8.06
0.92	6.16	-9.77
7.26	7.63	-10.13
10.50	5.86	-9.70
8.12	3.60	-7.75
1.40	1.46	-6.16
-4.94	-2.26	-6.65
-8.61	-6.23	-7.45
-10.07	-7.75	-6.96
-9.95	-6.23	-5.55
-7.93	-2.44	-4.03
-4.09	2.20	-2.87
-0.06	5.92	-2.75
2.62	7.32	-3.48
4.46	6.29	-4.70
5.92	3.91	-6.10
7.02	1.46	-7.39
7.39	0.18	-8.79
7.14	-0.31	-10.68
5.92	-1.28	-12.15
-0.18	-4.88	-7.69
-1.22	-6.71	-2.69
1.04	-8.85	0.73
4.76	-9.95	1.71
6.71	-9.52	1.28
4.94	-8.85	1.34
-0.24	-9.34	2.50
-6.53	-13.00	4.39
-11.78	-19.47	7.20
-14.34	-25.45	9.28
-13.31	-29.48	6.59
-12.21	-31.25	-0.67
-14.28	-31.01	-6.35
-16.78	-29.17	-6.71
-18.25	-22.71	-1.59
-19.29	-21.97	0.06
-19.71	-21.67	0.24
-19.17	-21.00	-1.77
-17.40	-20.45	-6.35
-13.98	-18.98	-12.15
-9.64	-14.89	-15.01
-5.68	-9.70	-13.18
-2.93	-6.47	-9.58
-2.81	-5.07	-6.35
-5.86	-4.52	-4.09
-14.10	-6.71	-2.93
-14.28	-7.51	-4.15
-12.33	-6.16	-5.25
-4.39	1.28	-3.78
0.43	5.31	-3.72
2.44	6.77	-4.33
0.98	5.62	-4.76
-3.54	2.87	-5.07
-18.80	-3.42	-7.51
-23.56	-4.76	-10.01
-25.57	-4.64	-12.76
-26.61	-4.94	-13.37
-25.27	-5.68	-12.27
-20.75	-5.62	-11.60
-14.77	-4.58	-11.66
-9.28	-2.50	-12.08
-5.00	1.10	-12.27
-1.95	6.16	-12.15
0.12	11.84	-13.18
1.77	16.97	-15.56
4.33	19.90	-16.60
8.61	19.04	-16.17
13.55	16.91	-14.89
15.75	15.56	-11.11
12.33	11.35	-8.36
4.27	3.60	-9.09
-3.36	-2.32	-10.99
-8.06	-2.81	-13.31
-9.64	1.28	-14.28
-6.23	6.77	-13.12
2.75	11.11	-11.54
13.49	13.73	-11.41
20.57	15.20	-13.06
20.45	15.56	-15.50
13.49	15.50	-17.27
4.21	16.05	-17.70
-0.73	17.82	-17.52
32.04	25.51	-20.45
135.62	70.98	-25.27
255.31	125.24	-35.83
316.04	141.17	-44.07
359.74	151.98	-50.29
386.11	162.29	-50.96
397.58	171.94	-45.90
397.46	178.28	-39.86
395.14	180.48	-36.80
398.01	179.08	-35.03
407.29	174.93	-30.40
415.77	169.68	-21.85
390.75	152.04	1.22
359.44	137.08	15.44
325.44	123.78	26.25
286.25	113.34	28.56
232.36	99.24	26.79
162.41	76.60	27.77
87.16	46.57	32.59
19.90	16.24	38.76
-31.25	-8.85	42.54
-69.09	-26.55	43.52
-136.35	-46.69	44.98
-172.61	-56.27	49.80
-210.94	-68.36	59.20
-250.31	-83.50	70.01
-291.75	-98.94	78.25
-386.11	-122.99	89.48
-430.11	-132.14	97.47
-455.32	-138.73	105.47
-460.82	-142.09	109.44
-459.66	-142.76	109.68
-483.34	-146.12	115.30
-502.26	-148.38	122.56
-510.50	-148.86	129.39
-503.42	-148.99	133.67
-474.98	-148.68	133.18
-428.16	-146.12	127.08
-342.59	-131.53	116.21
-306.58	-120.79	113.28
-270.63	-110.84	107.97
-239.62	-103.45	101.07
-218.81	-97.17	95.09
-205.51	-89.60	90.76
-185.67	-81.05	85.94
-153.38	-72.51	79.04
-123.41	-64.15	70.86
-101.44	-58.29	63.11
-77.58	-54.63	56.21
-49.19	-48.28	49.80
-24.96	-39.43	45.29
-14.16	-35.40	43.52
-20.63	-37.96	44.92
-33.39	-39.79	48.95
-28.02	-36.56	49.50
-3.54	-32.04	42.60
21.61	-29.66	32.84
38.88	-28.69	25.82
50.54	-26.73	23.01
62.13	-21.61	22.95
73.12	-14.40	23.93
78.00	-9.09	24.96
77.51	-7.02	25.33
81.30	-8.06	23.62
95.15	-10.19	19.59
111.63	-9.89	14.95
120.85	-6.96	11.23
123.54	-2.44	9.58
128.30	2.99	9.22
141.11	8.91	8.42
161.62	15.56	7.26
185.73	24.48	5.55
206.91	37.29	-1.10
212.65	47.49	-13.31
200.93	46.14	-18.92
192.08	39.73	-12.51
201.29	40.65	-4.27
222.05	48.34	-1.40
245.54	55.05	-2.08
265.26	56.46	-3.23
272.28	54.57	-4.27
273.99	54.99	-5.92
279.54	56.40	-7.08
285.71	56.46	-6.10
296.14	58.11	-6.23
309.14	63.23	-9.95
306.58	69.82	-13.43
285.89	79.41	-16.11
265.93	93.75	-24.17
255.86	107.97	-38.51
256.90	119.45	-54.14
272.58	130.49	-67.02
340.45	157.23	-79.16
378.66	171.02	-80.08
403.44	184.69	-75.44
411.25	198.24	-63.29
406.37	209.90	-46.63
387.08	217.47	-29.79
362.18	221.07	-16.30
347.29	221.86	-6.96
344.30	223.27	0.67
343.20	227.05	9.28
335.14	227.05	19.65
316.89	214.78	30.94
283.08	191.77	42.36
225.65	166.69	54.69
156.37	143.68	65.67
102.05	121.34	69.89
74.58	97.53	64.82
60.97	73.67	53.53
48.10	53.65	41.38
36.44	39.49	31.68
27.59	29.97	26.06
20.57	22.22	24.29
10.31	13.12	23.93
-9.28	2.14	22.58
-40.34	-10.07	19.90
-176.64	-55.54	24.90
-243.04	-75.62	34.00
-312.99	-96.86	46.02
-384.89	-117.68	59.45
-463.50	-139.04	75.01
-595.46	-178.65	114.56
-627.50	-189.88	131.77
-634.70	-193.18	142.88
-623.78	-190.73	149.96
-602.23	-184.33	154.24
-569.89	-173.46	154.24
-527.28	-160.22	149.96
-488.71	-147.77	144.35
-453.67	-137.27	138.85
-409.67	-129.09	130.80
-355.90	-122.99	120.06
-275.39	-109.50	100.28
-243.53	-98.82	89.36
-199.71	-86.24	76.60
-152.71	-72.69	63.90
-113.16	-59.63	54.50
-91.86	-43.03	52.55
-89.78	-41.14	55.85
-82.95	-40.10	58.17
-86.79	-38.02	60.18
-99.91	-35.71	61.46
-94.73	-32.59	59.39
-76.11	-30.64	55.91
-57.43	-29.05	50.29
-46.14	-29.60	45.29
-41.56	-31.01	43.95
-39.49	-25.88	61.58
-36.99	-13.92	78.55
-17.94	-13.92	68.91
0.12	-14.34	58.96
13.79	-16.48	50.42
27.16	-17.82	44.62
42.30	-16.60	42.11
55.42	-14.47	42.11
67.20	-13.31	43.40
79.71	-13.00	43.70
96.62	-13.00	36.74
102.36	-11.54	32.65
111.45	-8.48	29.24
122.86	-5.25	25.33
136.23	-4.76	21.79
163.45	-4.27	19.53
203.12	2.50	9.77
226.50	9.83	-10.01
217.71	11.66	-19.78
184.27	22.40	5.74
189.09	32.10	11.47
235.78	54.87	-2.08
