-8.48	-50.66	-5.13
-13.73	-49.87	-5.80
-16.11	-49.80	-6.59
-18.25	-50.42	-6.71
-21.00	-51.21	-5.49
-24.11	-51.51	-3.11
-24.35	-46.57	0.31
-20.87	-42.18	-1.22
-17.33	-39.37	-4.64
-14.95	-39.12	-7.63
-14.10	-40.59	-8.06
-13.98	-42.60	-6.71
-13.31	-44.86	-5.55
-13.06	-48.22	-6.77
-15.87	-47.97	-6.65
-20.75	-46.20	-4.82
-26.12	-42.97	-3.11
-30.94	-38.94	-3.36
-35.52	-36.07	-4.39
-40.41	-36.07	-4.27
-48.34	-41.81	-2.38
-49.62	-45.17	-2.32
-48.65	-47.67	-2.56
-45.29	-48.46	-3.36
-41.38	-47.00	-4.82
-40.28	-43.82	-6.77
-43.46	-40.95	-8.61
-48.89	-39.25	-9.77
-52.92	-38.21	-10.62
-52.00	-37.60	-11.90
-45.72	-37.66	-13.85
-38.39	-38.51	-15.81
-34.73	-39.86	-16.91
-34.61	-40.22	-17.58
-34.97	-37.66	-18.74
-44.56	-25.88	-21.06
-53.83	-23.93	-23.25
-59.57	-24.17	-24.78
-58.23	-22.71	-24.11
-50.90	-18.92	-21.73
-41.93	-15.32	-19.04
-34.55	-13.31	-17.15
-28.56	-12.15	-16.97
-23.13	-11.11	-17.76
-19.29	-10.68	-18.25
-18.07	-11.54	-18.01
-17.88	-13.73	-16.48
-15.81	-14.95	-13.61
-11.47	-13.18	-10.50
-6.90	-9.64	-7.81
-1.95	-2.14	-6.41
-1.83	0.49	-7.81
-1.89	1.40	-9.03
-0.55	0.92	-8.48
1.95	-0.98	-6.59
3.72	-4.15	-4.94
3.36	-7.57	-4.27
1.83	-11.17	-3.91
1.59	-13.85	-3.05
2.69	-13.31	-2.20
2.93	-9.52	-1.65
1.53	-5.43	-0.98
-0.61	-2.87	-0.79
-3.30	-2.20	-2.01
-7.51	-3.17	-4.21
-12.57	-4.82	-6.35
-16.91	-6.29	-7.51
-19.71	-7.08	-7.26
-20.94	-8.06	-6.04
-19.53	-9.09	-4.82
-15.38	-8.30	-4.27
-7.39	-1.40	-6.53
-5.98	1.34	-7.93
-5.80	3.36	-7.81
-6.41	4.76	-6.47
-8.12	4.27	-5.55
-11.05	1.46	-6.29
-13.92	-2.56	-8.36
-15.81	-5.92	-10.25
-16.78	-7.81	-11.47
-16.97	-8.73	-12.39
-15.87	-8.61	-13.06
-12.82	-6.96	-13.55
-7.69	-3.97	-13.85
-2.38	-0.55	-13.49
0.73	2.69	-12.33
1.28	5.13	-11.05
0.92	5.98	-10.31
2.14	5.74	-9.58
6.10	5.74	-7.81
12.33	7.14	-5.98
18.62	9.77	-8.54
22.16	12.82	-15.50
23.68	16.42	-21.48
37.60	27.65	-24.54
67.75	43.40	-27.34
83.50	57.98	-28.99
86.18	64.33	-28.26
89.29	72.63	-27.65
95.46	82.34	-27.22
106.87	90.82	-26.55
120.85	96.62	-24.72
131.77	101.50	-22.03
140.08	108.22	-20.14
154.42	116.46	-20.57
178.83	122.80	-22.89
203.67	125.55	-24.72
217.53	127.01	-23.93
216.98	128.85	-19.90
206.85	131.16	-13.49
195.62	133.73	-7.51
192.57	137.21	-5.07
224.18	147.77	-14.40
242.31	150.76	-21.79
239.01	146.36	-28.26
213.87	131.47	-27.28
182.62	108.52	-14.65
155.52	84.96	2.44
136.11	67.02	15.56
123.72	55.91	23.80
110.60	46.87	29.05
86.00	35.03	32.59
46.08	19.47	35.28
-5.55	1.71	39.31
-64.64	-16.48	47.12
-125.85	-34.24	58.90
-185.97	-51.45	71.78
-249.63	-68.60	83.07
-399.84	-100.16	103.82
-457.64	-108.64	114.44
-492.74	-113.53	123.35
-514.71	-116.70	130.62
-526.67	-117.98	137.63
-516.72	-116.82	143.25
-478.39	-112.67	142.58
-426.21	-106.32	133.73
-375.37	-99.30	119.69
-247.50	-82.46	75.68
-215.15	-79.77	66.16
-197.94	-78.06	61.77
-195.86	-76.84	61.52
-196.90	-75.74	62.93
-193.60	-74.22	63.17
-186.71	-71.41	61.89
-178.34	-67.02	60.36
-170.17	-61.04	60.06
-157.53	-53.53	60.06
-132.08	-45.17	56.40
48.34	-11.54	5.13
95.40	1.40	-11.35
146.85	15.44	-32.90
213.32	30.94	-59.20
293.40	48.40	-85.51
368.47	66.41	-105.71
414.61	82.34	-115.78
395.57	107.30	-109.25
315.25	122.19	-102.29
297.42	123.54	-102.05
285.03	125.49	-98.82
280.70	131.04	-93.81
287.96	140.93	-89.29
304.44	150.21	-85.45
319.03	154.85	-81.67
315.80	153.38	-76.60
288.57	144.96	-67.81
246.52	130.68	-55.05
197.27	112.92	-39.67
145.02	93.93	-23.25
97.96	75.68	-7.26
60.49	59.39	6.59
26.49	43.70	18.07
-9.77	26.43	27.83
-49.87	7.39	35.95
-211.30	-66.35	70.92
-266.05	-82.03	88.50
-331.12	-98.08	107.85
-399.78	-113.71	126.16
-456.60	-127.20	140.93
-483.64	-138.43	149.60
-484.19	-147.83	152.40
-474.67	-153.44	152.28
-462.28	-154.05	151.61
-443.48	-150.57	149.35
-417.66	-145.32	143.68
-391.36	-139.10	135.44
-367.25	-131.71	127.32
-346.56	-123.78	122.13
-333.01	-115.11	121.89
-322.81	-104.25	125.43
-295.72	-92.16	127.20
-245.61	-80.57	122.80
-190.55	-70.56	114.07
-145.39	-63.66	104.13
-109.74	-58.78	93.14
-74.04	-53.22	80.87
-41.81	-47.91	68.05
-19.29	-45.35	48.16
-5.00	-39.92	52.61
16.60	-24.78	62.87
41.38	-11.84	65.61
78.92	-8.06	56.76
114.07	-6.29	43.58
139.22	-2.08	33.51
208.68	14.34	23.99
223.57	19.71	22.52
247.74	30.09	17.94
248.41	32.59	14.95
237.49	31.43	7.57
230.41	30.70	4.58
222.35	28.08	-0.85
223.51	29.05	-4.21
220.15	33.51	-5.49
207.70	39.43	-4.46
186.46	45.90	-2.50
165.41	50.60	-0.92
154.66	53.41	-0.24
155.46	61.28	4.33
180.60	103.52	21.12
194.95	94.67	8.30
200.87	74.89	-11.66
188.78	63.35	-22.40
167.36	58.23	-20.51
143.80	54.08	-14.16
124.33	49.13	-12.21
112.49	35.83	-17.82
105.96	29.17	-19.23
92.53	25.33	-20.39
76.72	24.41	-21.67
64.21	23.99	-20.26
55.97	22.83	-14.59
52.80	22.95	-7.81
57.68	29.66	-3.91
77.33	47.18	-7.32
86.79	48.40	-17.15
90.76	59.75	-47.12
83.44	67.20	-63.60
71.59	71.29	-78.25
56.27	69.64	-88.50
39.12	62.81	-89.29
27.34	52.98	-79.53
32.10	45.23	-71.23
53.28	42.36	-75.62
90.58	43.76	-99.55
85.02	44.74	-95.64
77.03	49.80	-83.92
80.32	59.02	-71.53
93.57	67.38	-59.75
109.44	71.72	-47.61
121.83	72.75	-36.32
127.26	73.85	-28.32
127.08	78.37	-23.68
124.39	86.36	-21.30
118.59	92.90	-19.29
106.81	92.53	-15.32
92.96	86.36	-9.83
84.66	81.36	-5.43
83.31	80.81	-2.99
85.94	82.52	-1.53
89.23	83.74	-0.49
89.72	82.95	0.00
85.94	79.28	0.61
78.55	73.55	2.14
68.91	67.87	4.76
61.22	64.51	7.57
58.65	63.96	8.91
57.92	63.29	8.30
52.37	57.25	7.20
39.31	44.31	7.08
22.09	29.24	6.96
6.65	17.58	4.94
-3.05	12.39	1.83
-13.31	13.55	9.52
-16.91	17.58	16.11
-18.86	18.80	19.35
-19.17	20.45	17.27
-21.24	29.05	12.70
-27.65	35.83	13.12
-39.06	30.15	19.71
-55.60	17.03	27.77
-68.85	5.13	32.41
-71.17	-4.09	28.93
-69.46	-4.03	27.95
-70.07	-3.60	28.93
-73.36	-5.37	30.58
-80.14	-11.11	31.19
-143.01	-39.00	37.29
-175.35	-50.96	44.49
-213.26	-63.35	53.41
-256.53	-75.32	62.32
-299.13	-87.52	70.25
-333.86	-98.57	78.00
-362.18	-105.96	86.85
-388.00	-109.37	96.86
-406.62	-110.17	106.32
-407.78	-108.09	111.69
-386.66	-102.60	109.19
-344.85	-95.28	99.85
-292.48	-87.71	87.77
-252.69	-81.18	77.76
-236.02	-77.94	74.04
-228.52	-77.21	75.07
-212.71	-75.26	74.77
-185.55	-70.92	70.13
-156.80	-66.35	64.33
-135.38	-62.56	62.19
-125.06	-58.41	64.27
-122.25	-53.71	68.18
-121.89	-49.99	72.27
-125.92	-47.06	76.17
-136.23	-44.74	80.14
-148.74	-44.49	84.47
-155.82	-46.02	87.71
-154.30	-46.94	87.59
-145.08	-45.29	83.44
-112.85	-35.95	67.20
-102.17	-31.92	65.43
-94.42	-27.71	71.23
-86.73	-24.29	78.55
-76.05	-22.83	84.05
-38.88	-17.76	84.59
-21.79	-15.38	77.45
-12.70	-15.08	69.58
-7.93	-15.32	64.27
1.71	-15.50	61.10
18.68	-15.69	57.98
56.40	-11.05	48.65
59.57	-10.44	46.33
65.12	-11.84	42.60
74.28	-13.85	36.87
82.70	-15.50	31.25
83.80	-16.11	27.71
75.26	-16.48	25.88
64.58	-17.76	25.27
60.91	-18.43	24.54
61.77	-15.44	22.83
68.24	-10.50	18.62
83.07	-8.79	8.67
95.15	-12.33	-1.28
104.49	-14.34	0.85
116.52	-9.22	9.70
127.69	-1.04	12.45
147.83	10.80	4.21
164.31	14.22	-0.92
188.96	19.04	-6.04
217.04	26.31	-10.19
244.32	35.46	-12.63
267.21	44.80	-13.06
284.42	50.11	-12.45
293.46	51.70	-13.12
250.61	66.22	-16.72
256.47	67.38	-17.76
276.86	70.80	-20.14
298.77	75.99	-23.93
314.94	82.64	-28.44
320.13	89.84	-30.27
311.58	96.37	-26.25
292.79	103.21	-17.27
272.58	112.18	-6.90
261.23	122.99	0.98
266.05	136.05	2.93
294.68	168.58	-11.66
283.20	184.33	-23.86
254.21	195.07	-36.25
210.57	199.71	-43.88
153.50	195.56	-44.68
97.41	180.54	-40.77
51.94	162.54	-32.96
-8.91	155.94	-2.32
-7.08	155.82	-1.28
-4.58	146.91	-3.91
-10.74	136.54	-2.87
-23.19	125.18	4.52
-74.34	94.54	18.98
-91.61	65.80	21.36
-107.12	38.21	25.57
-116.76	23.25	26.73
-116.33	21.30	29.24
-117.55	24.35	36.19
-126.28	23.38	39.06
-127.44	20.08	36.44
-115.66	19.90	34.79
-97.11	22.64	34.18
-74.46	25.02	30.76
