-67.14	-55.11	31.19
-71.66	-52.86	31.37
-68.24	-53.47	28.26
-55.05	-57.50	22.40
-26.00	-60.97	12.70
-22.71	-54.38	12.39
-20.14	-44.56	12.63
-16.42	-36.01	10.44
-11.72	-31.07	7.20
-6.65	-26.25	5.00
-7.87	-24.90	5.43
-10.56	-24.96	5.55
-13.49	-26.12	5.37
-15.62	-27.65	5.68
-16.97	-28.75	6.71
-17.76	-28.63	7.75
-17.94	-27.22	8.12
-18.31	-24.90	8.06
-19.53	-22.28	8.48
-19.84	-19.23	9.34
-16.60	-15.62	9.89
-9.89	-11.84	9.77
-2.50	-8.54	9.09
2.32	-6.04	7.20
3.23	-6.04	0.12
1.71	-8.73	-2.50
-0.24	-11.66	-4.33
-3.05	-13.92	-5.49
-7.26	-16.05	-5.37
-12.08	-18.55	-3.54
-14.28	-20.08	0.00
-11.96	-17.88	3.97
-7.20	-12.33	5.37
-2.50	-6.53	3.60
0.92	-2.75	0.67
2.08	-1.16	-1.71
0.67	-1.89	-3.23
-3.36	-4.64	-3.97
-9.40	-7.57	-4.15
-14.89	-9.52	-3.85
-18.01	-10.99	-3.30
-19.84	-12.76	-2.81
-22.71	-15.62	-2.69
-22.58	-15.69	-2.62
-23.74	-15.26	-2.56
-27.16	-15.62	-3.17
-29.72	-16.91	-4.52
-28.87	-17.76	-6.47
-23.99	-16.97	-8.61
-16.91	-14.28	-10.56
-10.01	-11.35	-11.47
-4.21	-9.03	-10.93
0.31	-7.39	-9.89
2.69	-6.10	-9.28
3.54	-5.19	-9.09
3.85	-4.21	-9.09
4.09	-3.66	-8.79
2.75	-7.45	-10.19
0.67	-11.84	-11.60
-1.10	-16.54	-11.23
-3.05	-19.59	-8.79
-5.13	-20.02	-5.92
-6.96	-18.01	-4.15
-8.36	-13.67	-3.05
-10.13	-8.73	-2.01
-32.96	-19.10	-5.86
-39.73	-26.73	-8.48
-44.31	-33.08	-11.35
-44.80	-36.19	-13.43
-41.14	-35.52	-13.73
-35.03	-32.53	-12.76
-21.73	-22.58	-10.44
-15.87	-15.69	-9.58
-11.05	-9.22	-9.58
-7.26	-4.39	-10.31
-3.72	-1.04	-11.60
-0.24	0.61	-13.37
2.38	0.12	-15.62
4.58	-1.89	-17.09
7.14	-3.54	-17.09
9.34	-3.72	-16.60
10.50	-2.93	-16.24
10.44	-1.77	-16.54
10.93	-0.24	-17.46
13.85	2.08	-18.80
18.92	4.94	-21.18
26.92	7.32	-24.66
38.64	9.89	-28.56
50.48	13.98	-31.25
58.35	20.32	-31.74
61.89	28.38	-30.46
67.99	36.50	-28.93
104.68	54.87	-38.57
110.11	57.07	-40.47
105.71	53.22	-40.83
87.52	44.49	-39.67
60.00	35.46	-35.58
31.92	29.24	-29.91
13.37	26.37	-25.21
6.71	26.67	-22.34
8.00	29.24	-21.42
16.60	33.26	-22.95
117.55	59.14	-32.96
135.25	71.23	-31.07
144.59	81.36	-29.48
148.13	86.55	-29.42
152.28	88.38	-31.37
161.56	88.99	-34.12
176.15	88.81	-36.80
193.36	87.46	-39.79
220.21	93.14	-36.74
228.52	99.55	-30.88
239.75	104.49	-25.45
247.92	105.47	-21.36
248.29	101.68	-17.88
240.84	94.36	-14.04
226.01	85.21	-9.03
204.04	74.95	-1.59
175.90	64.03	8.67
143.62	53.28	20.81
108.89	43.09	32.96
-13.85	10.44	48.89
-63.48	-2.62	48.34
-111.63	-15.75	49.44
-152.47	-27.65	51.45
-186.58	-39.61	54.08
-222.29	-53.53	60.12
-265.20	-67.69	70.01
-312.68	-79.47	80.87
-356.32	-88.50	90.64
-390.75	-95.21	99.06
-417.05	-99.61	106.75
-429.75	-101.50	113.53
-418.64	-100.59	117.37
-386.11	-97.96	116.21
-341.67	-95.95	110.05
-259.77	-97.35	91.92
-255.43	-98.82	93.93
-241.64	-97.78	97.90
-231.87	-93.26	98.33
-228.03	-86.24	91.49
-155.21	-67.20	52.98
-145.02	-62.68	54.44
-128.42	-57.62	57.86
-114.62	-52.12	60.91
-113.34	-46.81	59.63
-109.80	-43.03	52.31
-90.94	-41.14	42.91
-59.81	-39.79	36.32
-28.99	-37.78	33.26
-7.87	-35.03	31.68
8.18	-31.49	30.88
54.93	-18.07	16.85
34.97	-19.41	5.43
25.94	-19.35	0.37
16.11	-20.02	-4.27
3.66	-22.46	-9.58
-12.51	-27.89	-16.60
-31.68	-36.44	-24.11
-50.90	-45.35	-26.55
-56.76	-49.13	-15.01
-39.61	-43.88	5.62
-18.19	-34.30	18.74
-6.04	-26.55	19.78
5.25	-20.08	13.18
19.78	-11.35	4.52
38.57	1.10	-0.85
63.05	15.26	-0.67
90.58	27.65	2.81
143.19	44.62	8.48
180.05	42.30	4.03
168.40	34.36	2.62
150.27	26.86	1.77
121.52	14.53	2.14
95.46	2.20	3.36
95.70	2.32	3.30
96.01	2.69	4.03
91.37	2.87	6.04
69.95	4.64	14.22
64.51	6.59	16.60
74.58	13.37	13.92
85.45	16.85	11.17
88.07	21.06	7.26
81.05	22.40	6.29
82.34	31.98	5.68
97.90	42.60	1.59
103.27	37.35	-12.63
90.33	21.12	-12.88
78.98	7.20	-9.58
71.72	0.85	-6.16
66.77	0.92	-3.60
66.65	4.64	-1.40
76.29	11.54	0.37
97.66	21.36	1.04
125.18	31.92	0.06
150.63	40.28	-3.23
169.31	44.07	-9.03
181.34	42.48	-16.85
187.87	36.93	-25.45
187.62	29.85	-32.41
178.47	23.25	-35.64
159.91	19.59	-36.19
139.34	21.55	-37.66
128.54	30.70	-42.24
130.25	45.29	-48.89
144.84	59.88	-55.91
171.02	72.45	-61.34
196.17	82.52	-62.93
214.60	86.79	-63.48
227.97	87.46	-66.59
235.72	87.04	-69.09
236.51	86.61	-65.19
229.86	87.83	-52.37
216.92	88.68	-33.26
194.64	84.72	-10.74
164.49	74.95	12.33
141.11	67.08	29.79
153.75	77.88	32.59
165.59	95.46	19.90
144.17	96.31	15.56
135.07	100.40	14.95
136.47	106.75	14.59
145.32	112.24	14.71
152.53	115.36	14.53
156.98	115.84	13.37
160.10	114.50	11.35
161.74	112.49	8.97
162.29	110.41	8.06
160.64	108.46	10.38
155.15	104.61	15.08
145.45	97.60	19.59
132.32	90.33	22.89
118.23	86.18	25.82
105.29	83.13	27.95
91.49	74.65	27.71
73.97	58.78	25.70
53.47	41.32	25.15
30.58	27.22	27.65
4.39	16.48	31.37
-23.80	7.20	33.69
-49.99	-2.87	33.26
-72.27	-15.44	31.25
-94.24	-30.40	29.48
-125.18	-45.59	29.24
-168.46	-58.72	31.19
-216.06	-70.01	35.71
-264.95	-81.18	42.60
-320.37	-93.26	51.76
-382.87	-106.26	62.26
-448.55	-120.30	73.97
-510.50	-135.13	87.16
-559.02	-149.35	101.32
-589.36	-159.85	114.87
-603.45	-164.92	125.31
-601.75	-164.86	131.84
-584.47	-160.58	134.58
-558.90	-154.11	132.87
-530.15	-147.95	126.53
-495.18	-142.40	117.92
-453.43	-135.38	109.92
-406.31	-124.76	103.52
-353.45	-110.23	97.23
-295.72	-92.29	89.42
-235.47	-73.06	80.08
-177.98	-55.24	70.56
-133.97	-41.08	63.60
-112.67	-30.09	60.55
-119.32	-29.91	61.52
-122.92	-28.63	60.79
-121.09	-24.78	55.60
-112.79	-21.85	48.16
-102.72	-21.18	45.35
-84.90	-18.19	56.52
-73.85	-19.35	62.87
-66.35	-21.42	63.78
-68.73	-22.28	59.08
-74.65	-24.78	55.60
-26.18	-20.32	59.20
4.64	-12.63	58.41
26.18	-7.87	54.50
34.18	-4.64	50.72
35.10	-0.92	48.28
35.52	1.53	46.20
38.51	0.37	44.01
42.97	-3.30	42.18
46.02	-7.45	40.65
48.16	-11.72	38.94
48.95	-15.62	36.13
42.36	-17.03	32.96
34.42	-17.33	30.64
40.53	-20.81	28.93
58.35	-24.90	26.86
78.61	-26.18	24.05
100.22	-22.46	16.72
114.20	-15.50	3.78
115.84	-15.08	-0.18
128.30	-21.24	17.64
130.80	-18.13	12.76
139.47	-10.19	7.81
152.34	0.43	3.48
166.69	10.62	2.38
186.16	19.96	3.11
208.80	29.42	2.26
227.91	39.92	0.24
247.07	52.12	-3.11
271.06	66.28	-7.75
293.33	79.59	-11.54
305.54	88.13	-14.53
305.24	91.80	-18.98
297.12	92.71	-25.02
288.39	93.08	-30.76
283.08	94.60	-35.95
283.20	111.45	-44.37
247.19	115.91	-22.22
216.74	111.45	-10.25
184.51	104.61	-2.32
154.91	100.34	1.77
130.43	100.28	3.85
111.39	103.70	5.37
94.97	109.99	7.26
76.35	115.78	7.93
57.01	117.74	5.62
43.58	117.31	0.79
37.60	114.99	-3.85
32.71	115.30	-3.05
22.09	125.00	3.91
5.92	131.16	9.09
-13.67	121.03	8.85
-41.93	103.64	8.48
-214.60	76.29	5.19
-322.33	73.24	-12.94
-374.08	82.82	-42.05
-364.93	97.72	-71.11
-315.31	106.51	-87.89
-266.60	104.74	-90.94
-158.63	79.59	-78.86
-91.31	62.93	-63.66
-66.89	48.95	-49.56
-75.93	38.57	-43.03
-89.17	28.50	-40.16
-79.59	-8.36	-18.19
-85.08	-14.53	-13.37
-92.96	-18.07	-10.38
-93.08	-19.65	-7.08
-55.97	-15.38	-0.43
