-27.95	-52.25	18.98
-29.66	-57.37	20.39
-31.37	-61.10	20.32
-33.02	-63.17	19.59
-35.52	-64.09	18.19
-35.40	-63.05	17.52
-34.30	-61.10	16.97
-32.90	-57.98	16.36
-31.01	-52.98	14.89
-28.14	-46.69	12.39
-23.56	-36.99	6.71
-24.90	-34.91	4.64
-29.72	-34.73	2.62
-37.11	-36.62	1.10
-44.62	-40.28	0.85
-49.56	-44.19	1.65
-50.78	-46.94	2.44
-48.65	-47.55	2.44
-44.62	-45.96	1.83
-40.16	-42.79	1.34
-36.25	-39.25	1.53
-36.07	-33.20	-1.04
-39.43	-33.57	-3.85
-40.65	-36.74	-5.31
-43.21	-39.43	-5.49
-46.08	-39.61	-4.09
-45.04	-39.79	-1.77
-39.79	-40.65	-0.12
-33.08	-40.77	0.85
-27.95	-40.41	0.98
-28.26	-39.06	-2.69
-31.68	-36.62	-4.39
-34.91	-32.35	-5.49
-37.11	-27.04	-6.65
-37.72	-21.48	-7.87
-36.07	-16.30	-8.97
-31.74	-11.96	-10.13
-27.04	-9.52	-11.05
-25.09	-9.64	-10.62
-25.09	-11.11	-8.73
-24.29	-11.60	-7.08
-21.91	-11.17	-6.90
-18.98	-11.29	-7.69
-17.46	-12.08	-8.67
-18.80	-13.43	-8.97
-22.22	-15.75	-8.24
-25.33	-17.94	-7.20
-26.67	-18.98	-6.77
-27.04	-19.47	-6.65
-27.40	-20.51	-6.23
-27.89	-21.79	-5.86
-28.44	-23.19	-5.25
-28.69	-24.48	-3.85
-28.56	-24.66	-2.08
-28.87	-23.56	-0.31
-30.33	-21.42	1.22
-32.29	-18.74	1.83
-33.75	-15.81	0.73
-35.03	-14.04	-0.92
-39.43	-18.98	-1.40
-40.16	-22.16	-0.98
-38.76	-22.83	-0.31
-36.07	-21.67	0.31
-33.63	-20.87	0.18
-31.01	-21.24	-1.71
-26.92	-21.30	-5.62
-21.24	-19.96	-9.89
-15.26	-16.78	-12.94
-8.85	-12.45	-14.53
-0.92	-7.14	-14.53
7.93	-1.59	-13.55
15.56	2.26	-13.12
20.75	3.72	-13.37
23.32	4.21	-13.49
24.96	4.88	-13.92
27.77	5.92	-15.50
30.82	7.51	-18.25
31.74	9.34	-19.65
31.07	10.62	-18.37
31.07	11.35	-17.33
32.23	13.37	-17.88
34.36	17.15	-19.29
38.27	20.94	-21.24
44.07	23.25	-23.56
50.17	25.15	-26.67
55.97	27.95	-30.76
62.19	32.53	-34.48
69.95	38.64	-36.44
80.99	46.08	-36.74
94.91	54.14	-36.68
115.66	67.75	-36.13
121.34	71.11	-34.48
125.43	72.57	-33.57
124.69	74.04	-34.30
120.12	76.42	-35.89
118.71	80.87	-37.66
125.61	88.99	-38.09
140.62	99.85	-37.17
176.03	120.12	-39.12
190.67	126.10	-40.59
206.12	128.97	-41.02
223.51	132.14	-40.47
243.96	140.08	-39.86
268.74	152.22	-39.55
290.95	161.68	-37.60
296.20	162.84	-32.71
275.33	154.42	-26.31
185.49	114.26	-9.64
137.51	89.60	2.62
93.20	64.94	16.30
48.58	42.66	28.08
2.56	23.86	34.48
-43.27	7.75	35.77
-86.43	-6.84	36.68
-122.86	-20.75	40.89
-150.09	-34.55	48.34
-169.98	-47.12	57.07
-189.94	-57.31	65.98
-217.16	-65.37	74.40
-254.46	-72.27	81.36
-345.03	-86.00	94.60
-377.87	-89.36	101.56
-395.94	-89.78	105.35
-400.27	-89.84	105.83
-393.55	-90.27	104.80
-384.40	-90.76	103.09
-373.47	-89.72	100.59
-351.99	-84.84	95.95
-322.33	-78.00	89.42
-294.62	-72.27	83.92
-271.42	-68.30	81.36
-248.84	-66.16	80.38
-224.67	-65.61	78.43
-199.65	-65.55	74.77
-177.37	-64.82	71.11
-161.25	-62.62	69.46
-148.07	-58.78	69.64
-131.96	-54.26	69.40
-116.15	-50.78	68.05
-107.79	-48.89	67.63
-102.91	-47.79	67.69
-80.14	-43.33	56.15
-63.90	-40.04	50.60
-48.40	-37.54	49.38
-39.98	-36.01	50.17
-36.80	-35.22	49.87
-33.81	-34.18	47.06
-27.04	-32.10	43.58
-15.08	-28.93	40.53
-1.10	-25.33	36.56
26.31	-18.19	29.24
42.91	-14.28	20.87
67.14	-5.19	13.06
101.99	-3.85	14.34
112.98	-1.83	17.52
123.11	-0.61	20.20
133.36	0.06	19.41
140.75	3.72	15.26
146.30	7.93	11.11
153.20	8.54	7.51
157.84	10.86	2.93
156.68	16.60	0.00
153.26	21.48	-0.43
151.06	26.43	-0.98
149.78	30.21	-2.81
146.91	30.27	-5.80
141.24	28.99	-9.52
139.71	20.20	-15.93
149.11	18.49	-20.75
165.28	20.20	-27.22
185.49	25.57	-35.40
202.58	36.56	-44.80
205.26	50.54	-51.27
193.79	61.46	-53.04
170.29	87.52	-66.16
168.58	91.31	-70.07
152.04	91.86	-77.09
125.18	94.91	-91.55
130.68	101.01	-104.13
166.14	105.83	-102.29
187.74	108.34	-88.38
187.19	110.23	-72.14
173.52	110.66	-58.35
151.92	106.93	-47.36
129.15	100.34	-38.51
115.66	94.67	-32.84
119.32	91.61	-31.31
136.05	90.45	-31.25
154.60	89.97	-29.36
166.08	90.09	-25.63
168.15	92.53	-21.61
165.34	97.29	-17.94
160.22	99.79	-15.32
150.82	95.09	-13.61
138.12	85.45	-12.21
109.44	68.30	-7.63
72.14	50.05	6.71
72.94	47.61	8.85
81.42	43.46	5.43
50.90	17.94	-1.34
15.87	-1.77	0.43
18.80	9.34	1.46
24.05	7.69	0.43
27.16	8.97	0.79
29.30	11.84	-1.95
35.10	19.41	-6.23
39.43	25.94	-6.59
38.33	27.10	-3.05
29.97	24.05	1.89
16.24	19.41	7.39
-0.24	12.94	13.24
-19.17	3.66	18.92
-63.23	-13.18	26.73
-85.27	-19.59	28.87
-105.53	-26.00	30.33
-120.73	-31.07	32.04
-131.23	-32.90	34.12
-141.72	-32.59	36.44
-154.48	-34.18	38.94
-168.88	-38.21	42.18
-185.91	-43.15	46.87
-210.08	-49.74	52.73
-240.60	-58.11	59.20
-265.93	-65.06	65.12
-274.60	-67.57	67.57
-267.76	-66.41	66.28
-258.06	-64.70	64.45
-266.24	-68.36	72.08
-267.76	-68.85	73.24
-256.53	-65.31	71.47
-229.92	-60.49	65.67
-196.53	-55.97	55.66
-146.36	-44.80	34.12
-124.57	-41.14	26.86
-108.09	-40.53	21.36
-103.64	-42.60	19.59
-112.18	-44.49	22.28
-131.29	-45.78	33.81
-132.63	-46.08	43.40
-134.16	-49.19	43.52
-138.18	-52.86	43.88
-148.38	-54.57	46.45
-157.71	-54.57	51.33
-152.77	-54.02	60.49
-146.73	-53.04	63.11
-145.81	-51.45	66.16
-152.04	-49.62	70.56
-160.40	-47.73	74.77
-163.70	-45.35	76.97
-157.59	-41.50	75.68
-143.01	-37.05	71.41
-124.08	-34.30	67.02
-105.83	-33.57	63.90
-92.47	-34.12	61.28
-81.67	-36.25	62.62
-71.41	-38.21	67.26
-66.53	-38.64	67.57
-64.94	-38.39	61.95
-59.27	-37.35	54.50
-48.40	-35.03	48.52
-37.11	-32.04	44.98
-28.08	-29.79	43.33
-19.59	-28.63	42.18
-11.54	-28.38	40.53
-5.49	-29.48	39.06
-1.04	-30.88	38.15
5.07	-31.25	37.60
31.98	-29.48	36.01
46.45	-25.21	30.40
33.08	-28.14	26.49
38.21	-26.12	33.33
52.98	-21.61	29.91
70.98	-16.91	26.49
89.66	-12.15	24.84
109.74	-7.20	24.66
130.31	-1.34	23.32
148.19	6.29	18.55
160.77	17.40	9.52
167.48	28.63	1.34
197.33	39.55	-0.61
220.03	44.49	-1.89
239.14	48.58	-4.15
254.46	50.35	-8.00
262.33	53.47	-12.57
261.84	58.78	-16.72
254.88	65.06	-20.51
243.65	72.08	-22.03
234.25	78.61	-22.16
230.22	83.31	-24.78
229.61	86.18	-31.07
229.68	86.98	-38.02
228.76	86.06	-41.75
222.72	85.94	-40.83
208.44	87.46	-37.11
161.32	96.25	-30.15
138.37	102.91	-30.09
122.44	108.03	-32.78
114.69	111.51	-37.35
114.07	113.71	-41.50
116.15	113.04	-40.95
124.33	95.70	-29.85
128.11	86.79	-26.49
122.99	80.87	-25.39
104.86	75.50	-25.88
77.64	72.14	-26.18
48.46	75.01	-24.72
20.14	80.57	-22.16
-7.08	77.21	-17.88
-28.50	64.88	-11.29
-37.41	52.98	-4.39
-36.13	45.47	0.49
-30.58	41.44	2.14
-23.32	42.24	0.61
-16.11	48.22	-1.77
-11.23	55.24	-1.71
-9.22	58.72	1.46
-10.07	57.50	5.25
-13.85	53.89	6.35
-23.07	48.40	6.23
-33.69	43.52	7.69
-36.19	41.87	9.52
-28.87	39.06	10.19
0.61	27.47	7.32
11.23	23.99	1.83
1.22	3.36	-2.81
-7.63	-9.70	0.12
-12.63	-16.54	1.59
-15.75	-17.58	0.79
-19.04	-16.42	0.37
