-2.44	-7.26	-0.24
-1.53	-8.12	0.31
0.67	-9.46	0.00
2.50	-11.29	-1.53
2.81	-13.49	-3.30
1.95	-15.56	-4.15
1.16	-16.36	-4.15
1.04	-15.32	-3.66
1.04	-13.61	-3.17
0.61	-13.00	-2.75
-3.66	-17.82	-3.66
-6.04	-19.96	-4.33
-8.97	-22.46	-4.64
-13.00	-24.96	-5.19
-16.85	-26.79	-5.92
-19.17	-28.50	-6.29
-20.26	-31.19	-6.41
-20.20	-35.10	-6.71
-18.98	-39.55	-7.81
-17.09	-43.70	-9.64
-15.14	-49.99	-14.04
-16.54	-52.98	-15.38
-19.53	-55.30	-15.56
-24.72	-56.82	-15.87
-31.68	-59.33	-17.40
-38.82	-63.84	-19.59
-44.62	-69.21	-22.09
-47.12	-74.04	-24.72
-46.02	-76.84	-26.61
-42.30	-76.90	-26.86
-37.48	-73.24	-26.25
-34.67	-66.83	-25.82
-34.85	-59.63	-25.88
-37.35	-51.09	-25.45
-41.50	-42.60	-24.54
-45.84	-38.39	-25.39
-48.52	-37.72	-29.72
-47.30	-36.93	-36.93
-46.69	-35.71	-43.46
-51.51	-36.50	-44.86
-55.05	-38.27	-34.24
-49.07	-35.34	-28.50
-42.72	-32.23	-21.79
-40.28	-29.48	-13.67
-43.33	-27.34	-7.14
-49.19	-27.28	-4.09
-52.37	-29.11	-4.15
-49.99	-32.17	-7.57
-49.26	-32.10	-8.79
-47.55	-30.70	-9.40
-42.36	-26.43	-9.28
-42.54	-25.09	-8.85
-43.64	-22.40	-7.39
-42.85	-16.91	-5.25
-24.84	-7.20	-7.69
-21.12	-9.09	-12.15
-25.33	-13.67	-15.14
-30.27	-15.26	-16.17
-32.35	-12.39	-16.11
-33.69	-8.00	-15.14
-36.68	-4.94	-13.06
-30.76	-1.40	-0.49
-21.36	2.44	2.93
-14.53	4.09	4.39
-11.84	2.32	4.94
-11.41	-1.40	5.92
-11.72	-5.92	7.08
-14.77	-11.11	7.45
-23.56	-16.72	6.41
-37.05	-21.73	3.23
-51.76	-26.18	-1.04
-60.73	-27.59	-4.46
-58.78	-22.40	-6.23
-49.68	-13.85	-6.65
-40.95	-7.63	-6.16
-36.32	-4.94	-5.62
-34.18	-4.82	-6.35
-32.71	-6.65	-8.42
-32.59	-10.07	-11.17
-33.33	-13.61	-13.00
-32.65	-14.71	-12.88
-28.99	-12.27	-11.23
-22.83	-7.93	-9.52
-16.42	-3.23	-9.03
-11.23	1.04	-9.95
1.34	8.73	-10.80
5.25	11.17	-10.01
9.09	14.34	-9.09
13.24	18.92	-7.63
18.07	24.60	-5.49
24.11	29.30	-2.62
31.98	31.92	0.61
41.20	32.96	3.54
50.35	33.69	5.00
58.29	35.28	4.46
64.76	37.48	2.56
69.34	39.37	0.61
71.23	40.71	-0.85
71.47	41.99	-1.71
73.43	46.26	-4.94
72.88	47.06	-7.75
71.90	45.23	-10.99
73.49	42.66	-13.92
80.08	42.05	-16.17
91.67	44.13	-17.27
107.48	48.34	-17.03
127.81	53.28	-15.62
150.09	59.69	-14.59
170.23	67.81	-15.81
185.85	74.04	-20.26
193.18	77.70	-26.31
190.43	80.38	-30.09
179.20	84.59	-27.40
166.26	92.90	-19.10
159.85	102.60	-12.70
159.97	107.79	-11.66
163.70	109.68	-11.17
171.63	113.89	-8.06
184.75	120.12	-5.31
196.96	122.80	-4.58
200.07	119.14	-3.78
192.57	111.39	-1.22
157.04	100.52	11.47
65.92	73.73	22.46
34.12	49.38	32.17
13.73	32.17	42.91
4.03	26.61	48.40
-5.31	26.37	50.05
-28.38	20.94	53.34
-73.30	6.41	59.08
-129.39	-12.82	64.70
-181.03	-31.80	68.05
-269.04	-69.40	67.87
-312.99	-85.88	70.74
-346.62	-96.25	77.21
-362.49	-99.61	84.35
-370.97	-100.34	90.09
-380.43	-102.78	93.99
-390.50	-106.63	95.34
-398.68	-111.02	92.71
-398.68	-115.91	86.79
-387.63	-119.93	80.93
-345.28	-118.04	74.04
-324.34	-112.24	69.76
-311.77	-106.26	65.73
-298.65	-102.05	62.19
-277.47	-98.63	57.31
-252.08	-94.18	52.61
-228.82	-89.23	51.70
-209.72	-84.59	54.14
-193.05	-79.71	56.46
-175.42	-73.85	56.76
-153.99	-66.96	54.50
-130.13	-60.61	49.38
-107.91	-56.76	42.24
-91.49	-54.87	35.71
-79.59	-52.55	31.07
-53.83	-43.70	21.55
-45.23	-41.14	21.55
-38.02	-40.16	27.65
-25.94	-37.84	34.30
-7.14	-32.59	36.19
17.70	-25.27	32.53
45.41	-17.82	26.06
71.11	-11.23	18.98
90.76	-5.00	12.02
105.29	0.24	7.81
119.20	2.38	7.26
133.97	1.28	7.57
147.71	-1.04	6.96
158.51	-2.50	5.86
164.43	-1.83	4.94
165.41	0.55	4.52
166.38	3.72	5.07
169.43	6.47	6.47
172.61	8.91	7.81
177.31	12.27	8.79
188.78	18.86	10.62
204.04	28.56	12.21
211.30	36.07	9.03
204.41	37.23	2.56
186.40	33.94	-1.65
163.15	29.42	-2.38
142.15	25.57	-1.46
129.52	23.32	-0.55
126.89	23.13	-0.92
123.35	24.90	-0.49
124.94	25.45	-0.55
132.93	25.51	-2.20
143.01	25.21	-5.37
149.72	25.21	-9.09
152.47	26.79	-11.84
154.17	30.21	-13.98
158.75	35.03	-17.76
172.61	48.65	-29.05
196.53	67.02	-33.20
210.63	81.05	-35.10
225.28	90.88	-38.39
238.40	94.12	-38.76
244.32	96.44	-33.14
241.33	101.99	-25.21
232.67	110.53	-20.26
221.56	120.24	-18.86
209.17	129.82	-17.88
196.11	138.06	-15.62
190.37	145.51	-12.70
196.96	153.87	-6.53
207.40	161.07	6.71
211.73	162.72	24.66
208.86	158.51	41.14
200.32	151.98	53.04
182.98	146.12	61.71
155.03	140.20	68.36
127.01	132.32	71.47
114.81	107.91	59.94
115.05	75.13	36.25
102.78	62.19	28.38
84.72	56.76	26.31
65.92	58.35	27.53
46.08	59.27	29.11
19.59	50.96	30.03
-15.20	33.69	31.01
-52.25	13.55	31.92
-88.44	-6.47	30.52
-128.48	-30.52	26.49
-171.20	-60.49	23.62
-212.71	-88.13	26.98
-252.69	-103.21	35.22
-286.32	-106.38	40.95
-310.67	-106.08	41.50
-326.90	-109.13	41.32
-339.17	-116.64	44.01
-351.93	-126.10	49.32
-365.11	-134.58	56.21
-373.78	-141.17	64.64
-374.33	-144.84	72.94
-367.86	-139.95	81.18
-361.57	-134.52	81.48
-350.71	-129.21	79.16
-334.53	-124.33	74.52
-310.67	-118.96	69.03
-202.64	-89.48	47.12
-166.69	-77.45	39.12
-144.41	-67.63	34.06
-138.85	-61.83	31.92
-144.17	-60.30	31.49
-151.31	-61.28	32.10
-155.70	-61.58	37.35
-148.07	-57.80	40.10
-135.01	-52.25	41.87
-121.09	-46.94	43.52
-109.19	-43.15	45.96
-98.02	-40.89	49.38
-94.18	-39.43	52.31
-98.63	-37.78	51.76
-99.49	-36.07	48.65
-90.76	-34.18	44.07
-79.71	-33.39	37.78
-76.78	-35.28	34.00
-79.16	-37.90	35.40
-78.25	-38.33	39.92
-69.34	-36.38	44.80
-52.06	-32.29	47.12
-32.59	-27.47	45.78
-17.33	-24.23	42.85
-10.25	-22.58	40.41
-12.51	-22.46	39.12
-20.75	-24.05	38.57
-28.93	-26.55	38.51
-31.19	-28.50	38.94
-25.21	-29.36	38.57
-15.75	-29.91	36.44
-9.28	-31.31	32.90
-4.58	-33.08	28.50
4.39	-34.12	23.68
19.35	-33.45	19.78
36.93	-30.58	18.25
51.57	-25.70	18.86
52.73	-13.98	24.96
99.00	-9.28	15.14
70.01	-19.41	9.34
80.63	-20.14	2.93
174.01	5.37	4.21
268.68	41.63	-1.34
264.40	53.41	2.62
265.26	59.69	6.04
308.41	69.21	-1.71
326.11	77.94	-5.37
335.57	86.55	-7.39
352.29	91.67	-12.21
379.27	96.44	-20.87
401.31	102.42	-27.28
411.07	106.20	-27.83
400.39	110.47	-21.85
308.29	130.74	4.46
188.72	138.12	29.05
150.70	135.86	33.45
132.87	135.07	32.53
130.19	135.25	28.99
137.82	133.73	26.06
154.85	122.56	26.55
120.73	92.04	23.86
39.73	81.54	17.40
-28.63	87.71	11.35
-80.38	56.88	8.24
-90.09	46.26	11.23
-92.83	39.55	14.77
-88.75	34.73	19.35
-74.16	29.36	21.67
-47.97	25.76	19.23
-17.21	28.75	14.95
2.44	36.38	12.76
0.37	41.87	13.12
