-2.50	-0.12	-0.55
-2.50	-0.12	-0.55
-1.28	-0.73	-0.55
0.06	-1.40	-0.49
0.06	-1.46	-0.49
-1.10	-0.92	-0.79
-1.53	-0.06	-1.28
1.59	0.49	-0.79
1.83	-0.18	0.00
0.55	-0.79	0.43
-0.31	-0.79	0.31
0.24	-0.61	-0.12
1.40	-0.67	-0.31
1.28	-0.98	-0.24
-0.43	-1.04	-0.18
-2.01	-0.85	-0.37
-2.01	-0.55	-0.79
-0.31	-0.24	-0.92
0.79	0.00	-0.31
0.06	0.24	-0.67
0.18	0.85	-2.26
0.79	1.10	-2.99
1.59	1.22	-3.91
2.26	1.22	-5.07
-1.10	-0.18	-8.00
-5.37	-1.83	-9.22
-8.54	-4.21	-10.31
-7.20	-7.57	-11.66
-1.10	-12.08	-13.00
5.31	-16.05	-14.83
2.93	-18.68	-22.89
-3.72	-18.98	-28.20
-9.58	-19.23	-33.63
-13.12	-19.41	-39.61
-13.24	-20.26	-45.90
-10.86	-21.85	-51.57
-7.57	-23.99	-56.09
-4.27	-25.88	-59.45
0.12	-26.00	-62.32
8.24	-23.25	-65.37
16.60	-18.49	-68.18
20.87	-13.67	-70.80
24.17	-9.16	-74.58
28.08	-4.64	-78.55
26.98	6.53	-80.51
17.33	13.73	-78.43
-51.57	13.98	-67.87
-60.73	9.34	-62.68
-55.85	9.95	-57.31
-44.74	14.59	-54.26
-36.19	19.35	-53.77
-33.20	22.64	-53.47
-33.94	25.51	-51.88
-35.34	29.54	-48.40
-39.12	35.03	-42.54
-51.15	40.28	-34.61
-70.50	43.09	-27.10
-88.20	43.21	-22.83
-99.12	43.03	-22.03
-105.59	44.56	-22.46
-109.25	47.97	-21.85
-107.73	51.15	-19.04
-101.50	51.39	-12.94
-96.25	47.36	-2.38
-96.37	40.41	11.84
-104.98	26.55	39.25
-100.95	22.52	45.78
-93.51	21.18	47.24
-99.24	23.07	49.01
-134.83	25.88	57.92
-225.89	28.38	79.90
-237.18	32.17	81.91
-220.76	35.58	83.37
-178.22	37.72	86.18
-134.95	44.07	88.87
-105.47	54.50	88.50
-75.62	60.91	81.60
-46.69	60.97	70.56
-31.13	56.58	61.04
-28.08	48.83	53.83
-43.58	30.94	37.84
-54.99	24.11	32.41
-95.52	11.05	37.72
-129.82	3.60	45.35
-169.86	-4.88	51.82
-205.99	-14.28	53.65
-230.90	-22.28	49.07
-251.28	-26.73	39.92
-273.13	-28.93	29.97
-290.53	-31.25	23.01
-293.46	-34.30	21.36
-276.37	-36.19	23.86
-250.31	-35.58	26.86
-235.53	-34.24	27.71
-242.25	-36.01	27.59
-263.85	-42.24	29.17
-282.71	-49.80	32.04
-286.19	-55.85	32.29
-282.59	-59.45	29.42
-279.48	-59.81	27.89
-270.32	-58.11	30.46
-226.20	-52.86	37.78
-174.68	-46.57	32.78
-212.46	-44.86	36.80
-245.85	-44.31	44.19
-256.23	-41.14	50.17
-238.28	-35.77	52.67
-197.27	-29.05	51.45
-151.49	-22.95	47.85
-122.62	-19.47	43.46
-116.82	-18.68	38.70
-125.73	-19.29	34.00
-146.42	-21.06	33.20
-150.76	-15.01	49.26
-156.74	-14.28	53.89
-162.54	-23.80	46.08
-161.01	-39.86	33.75
-166.81	-31.01	40.41
-178.16	-9.83	52.98
-163.21	-4.03	50.35
-153.63	-8.91	50.48
-160.22	-23.44	57.74
-166.63	-39.61	64.15
-170.29	-49.50	65.67
-175.35	-48.52	65.61
-176.15	-39.00	66.71
-162.96	-16.60	69.76
-129.82	-8.91	67.14
-113.53	-8.30	61.52
-96.56	-8.79	52.98
-79.71	-10.44	44.56
-64.45	-9.83	39.61
-51.82	-5.07	38.51
-44.98	0.00	39.37
-44.01	0.00	39.86
-43.03	-6.16	39.37
-37.11	-14.47	40.04
-30.70	-18.19	43.40
-27.95	-14.10	47.49
-27.34	-6.84	50.11
-22.40	-2.32	50.60
-8.79	-2.50	48.77
9.09	-6.23	46.51
27.40	-11.60	46.81
44.25	-15.81	48.95
54.44	-14.34	48.95
53.77	-6.65	45.78
45.96	0.55	41.44
41.87	-0.85	38.09
49.19	-12.76	37.48
96.13	-43.15	36.68
129.82	-46.02	31.37
163.57	-36.99	21.30
193.18	-20.51	7.32
214.90	-5.19	-5.74
221.13	3.23	-9.46
202.39	6.04	0.92
166.20	5.80	19.35
144.65	3.17	34.73
162.84	0.00	41.26
204.71	0.00	37.90
247.07	5.98	27.28
277.40	18.37	16.54
281.68	33.02	11.23
265.87	43.76	11.60
242.19	44.43	14.83
212.83	32.71	17.52
181.03	12.27	18.68
153.93	-8.06	20.45
142.33	-20.14	24.41
153.32	-21.00	28.38
184.39	-11.90	29.11
226.75	4.27	24.05
267.33	26.79	14.10
295.90	50.90	6.35
314.88	65.80	7.87
329.10	64.39	16.11
337.83	48.89	22.83
334.72	30.21	22.09
313.72	19.17	12.88
285.34	17.94	0.79
258.42	22.64	-5.55
230.83	28.75	-2.50
202.45	32.53	6.35
180.36	33.57	15.69
175.17	34.79	28.56
187.87	38.27	30.40
201.35	42.66	29.24
205.14	45.53	26.73
203.43	46.51	24.35
210.14	47.30	23.68
228.27	49.01	26.12
255.37	51.70	31.19
289.37	54.93	36.68
329.28	57.98	40.71
378.91	62.07	42.11
438.05	68.12	41.38
496.58	74.58	41.50
531.01	78.55	44.74
505.49	77.94	50.48
416.69	72.02	56.46
310.49	61.40	59.27
229.13	48.52	58.41
183.65	37.60	57.25
166.50	31.80	58.29
163.94	31.68	61.40
166.69	44.56	65.12
158.26	51.45	58.29
131.16	53.47	45.17
77.76	49.93	21.24
71.04	48.10	19.78
69.21	45.65	28.38
66.53	42.72	44.43
60.79	41.32	61.65
50.84	42.66	73.73
36.80	43.70	76.54
23.19	41.44	70.31
17.03	36.56	63.90
25.09	29.85	75.20
44.31	22.46	103.94
56.21	21.36	114.38
39.67	31.07	88.68
-43.03	47.42	31.25
-52.12	40.10	27.10
-35.22	26.61	30.40
-13.12	14.34	34.67
-2.69	9.58	44.98
-10.38	15.20	46.39
-18.43	21.00	41.44
-23.32	24.29	33.94
-25.51	24.66	30.21
-26.49	23.07	32.65
-25.15	19.96	35.28
-29.97	25.57	26.73
-35.40	30.09	24.66
-38.27	31.25	18.07
-40.53	22.83	10.44
-39.37	21.36	8.18
-33.39	20.39	8.73
-24.11	18.55	10.93
-14.89	15.75	12.57
-7.14	12.76	12.15
8.67	11.11	8.73
39.86	12.70	4.27
56.52	14.28	3.17
39.06	11.11	3.72
17.52	7.20	1.65
8.91	7.45	-1.59
3.42	8.06	-2.75
0.67	5.74	-2.26
2.62	2.26	-1.46
1.22	-0.37	-1.10
-5.31	-0.55	-2.20
-8.97	1.89	-4.64
-5.19	5.13	-6.29
5.07	6.90	-6.04
24.48	7.69	-5.62
45.59	9.46	-5.62
46.45	8.85	-3.60
27.40	4.03	-0.31
7.57	-0.12	1.34
-4.76	-1.22	1.28
-11.78	-0.85	1.65
-16.72	-0.55	2.81
-19.53	-0.73	2.87
-19.41	-1.28	1.16
-15.99	-1.71	-1.04
-9.46	-2.01	-2.14
-3.05	-1.95	-1.83
0.18	-1.16	-0.49
1.22	0.18	0.73
1.53	2.44	0.18
-3.72	1.22	-0.73
-6.96	-0.79	-1.46
