-4.82	-4.09	-1.89
-4.82	-4.09	-1.89
0.98	-2.99	-1.04
5.98	-1.28	-0.18
6.77	-0.49	0.18
4.39	-0.61	-0.18
1.71	-0.37	-0.73
-0.61	0.00	-0.85
-3.36	-0.37	-0.73
-5.19	-1.71	-0.85
-0.18	-2.08	-1.53
2.38	-1.04	-1.71
1.95	-0.92	-1.95
-0.24	-1.46	-2.38
-2.32	-2.20	-3.11
-3.30	-2.81	-4.52
-2.20	-4.03	-8.36
-1.04	-6.10	-11.60
-1.89	-7.08	-14.59
-2.87	-7.20	-19.29
-3.05	-6.77	-24.84
-1.71	-7.08	-29.66
0.06	-8.85	-32.78
1.34	-10.56	-34.48
1.77	-10.86	-35.71
0.43	-10.25	-37.48
-2.14	-10.19	-40.71
-4.03	-10.93	-44.92
-3.48	-10.86	-49.32
-0.31	-8.00	-53.41
3.54	-2.14	-56.70
5.43	3.85	-58.90
4.76	8.06	-60.12
3.54	11.29	-61.52
4.21	14.16	-64.15
5.98	17.52	-67.32
4.82	21.12	-69.46
-0.79	24.17	-69.89
-7.57	26.86	-69.89
-12.39	31.19	-71.35
-16.05	37.72	-74.77
-21.48	42.72	-78.37
-30.58	41.87	-78.61
-40.41	36.44	-71.53
-43.70	33.51	-57.92
-39.06	38.21	-42.48
-35.46	48.03	-29.42
-41.20	55.48	-20.63
-53.77	55.73	-16.54
-63.48	50.05	-17.03
-62.81	43.52	-20.69
-52.55	39.55	-24.41
-40.16	37.66	-23.68
-32.29	37.17	-2.75
-37.90	39.49	10.68
-45.84	41.56	18.62
-51.82	41.44	18.98
-53.59	39.55	15.38
-52.00	38.27	13.73
-49.56	38.27	17.70
-47.91	37.60	26.98
-48.16	35.64	39.55
-51.09	34.00	52.19
-56.70	33.51	61.28
-63.42	33.14	65.00
-69.46	31.01	65.06
-74.71	27.77	65.25
-80.93	25.51	67.93
-91.31	23.86	71.17
-108.89	20.39	71.35
-134.58	12.70	67.02
-162.29	2.08	58.04
-183.47	-7.57	46.14
-197.51	-13.92	36.25
-210.63	-17.40	32.35
-229.80	-20.39	34.48
-295.59	-32.41	41.75
-364.75	-47.73	36.07
-380.07	-60.42	43.15
-371.64	-65.31	54.08
-368.23	-73.55	71.78
-377.75	-76.48	71.11
-389.34	-78.43	66.41
-386.23	-78.43	61.46
-364.99	-77.21	57.19
-341.67	-76.66	54.93
-323.12	-75.38	56.46
-306.82	-71.04	60.49
-290.59	-64.15	63.66
-276.55	-57.68	64.21
-274.60	-58.41	58.11
-284.85	-65.61	52.86
-286.87	-71.84	47.79
-273.13	-72.45	44.86
-244.87	-65.98	44.49
-210.21	-54.08	44.56
-179.93	-40.47	43.64
-161.87	-30.33	42.48
-162.41	-28.14	41.75
-178.34	-53.47	37.35
-129.33	-50.54	29.48
-91.13	-29.17	26.37
-90.15	-10.99	24.96
-103.39	-13.18	24.90
-113.71	-21.91	24.96
-113.40	-32.47	24.11
-104.49	-38.15	22.89
-92.77	-36.19	23.50
-79.28	-30.94	24.96
-65.55	-25.70	23.99
-58.90	-19.96	21.30
-64.64	-15.87	20.75
-75.62	-16.72	23.32
-76.90	-19.65	27.71
-64.09	-19.29	32.41
-43.21	-15.01	32.47
-18.62	-10.31	25.15
1.71	-8.18	21.24
5.62	-9.16	26.37
-8.00	-13.31	32.71
-29.54	-21.06	37.54
-50.90	-29.30	43.15
-62.56	-33.20	49.38
-56.34	-30.21	54.20
-37.41	-22.03	55.18
-16.60	-14.59	50.48
1.65	-11.78	42.11
12.57	-13.37	34.61
8.61	-16.30	30.46
-7.81	-17.33	30.46
-24.84	-15.81	33.26
-31.92	-13.00	37.05
-23.80	-9.28	40.16
-0.67	-5.25	40.83
28.87	-3.11	38.15
48.95	-4.33	34.55
50.29	-7.08	32.47
40.95	-9.40	32.23
32.71	-11.90	32.96
31.56	-15.20	34.24
39.92	-17.94	36.87
57.31	-19.23	39.79
81.67	-20.63	40.16
106.32	-23.07	37.41
122.92	-24.48	33.57
128.48	-21.79	31.13
124.15	-15.08	32.90
106.57	-9.03	38.64
75.50	-7.69	43.76
44.80	-11.78	45.10
26.12	-20.26	43.15
16.85	-32.17	40.95
9.58	-44.80	41.44
-1.22	-53.16	44.43
-15.87	-53.47	47.79
-30.09	-46.20	48.71
-44.68	-35.34	45.04
-59.33	-26.55	38.27
-68.79	-23.50	30.82
-74.16	-25.33	24.48
-81.60	-30.09	20.57
-92.96	-35.95	19.29
-105.04	-40.83	19.90
-119.38	-43.64	21.97
-130.13	-43.76	24.78
-108.58	-30.64	28.93
-47.91	-8.85	24.05
-28.38	-4.70	18.86
-23.38	-6.53	15.38
-23.19	-9.95	13.61
-18.19	-11.11	12.08
-4.82	-9.16	10.13
15.93	-5.55	8.48
41.08	-2.14	6.84
67.26	0.37	4.33
92.04	2.38	0.85
114.20	4.46	-2.93
133.97	6.04	-6.47
149.96	6.10	-8.36
159.36	4.82	-6.90
163.21	3.42	-2.99
165.83	4.15	-0.24
171.45	7.87	-0.61
181.21	12.76	-3.05
191.96	16.78	-4.58
200.81	20.57	-4.94
208.25	25.76	-5.80
216.55	32.41	-7.81
223.94	39.49	-11.96
230.04	46.57	-19.84
227.17	49.68	-27.16
203.25	42.42	-24.48
168.76	30.52	-12.88
144.10	25.57	-1.83
133.73	29.60	3.42
129.58	35.95	3.42
121.15	37.41	2.14
106.02	33.45	1.59
92.29	29.24	0.43
87.10	28.93	-2.20
93.57	33.87	-3.36
112.00	44.19	-0.37
136.17	58.35	5.98
157.29	72.14	13.06
170.96	81.54	17.94
181.09	85.39	17.88
194.82	84.66	13.98
208.74	82.82	11.96
217.53	83.37	14.89
221.74	86.79	20.14
222.72	92.04	23.74
222.66	96.07	23.74
221.74	96.31	21.97
222.60	95.21	21.42
231.99	96.74	23.93
248.72	100.65	28.99
262.27	105.96	33.08
264.83	112.24	32.96
261.96	119.57	27.77
264.71	127.87	19.78
271.61	133.54	14.22
274.48	131.16	15.62
268.92	119.20	23.38
255.31	100.95	32.29
246.77	83.07	38.45
265.69	68.60	42.42
262.94	67.44	40.41
246.58	67.93	35.16
220.46	67.02	28.32
188.66	60.12	24.23
158.57	48.34	26.25
140.69	39.79	33.45
137.02	36.50	42.24
136.41	34.12	50.05
127.50	30.58	56.70
109.92	27.53	63.35
94.18	27.65	70.50
93.20	34.73	76.05
102.11	48.40	77.76
103.76	60.30	76.29
96.07	64.15	71.59
86.55	60.79	61.71
78.92	54.50	49.13
78.67	49.56	40.71
86.12	46.69	38.45
87.95	43.64	39.06
71.84	37.17	38.64
43.82	27.59	34.48
20.69	20.14	28.26
10.56	19.84	24.90
13.85	24.90	27.22
55.91	31.31	56.34
86.36	39.55	68.30
106.63	47.12	60.24
104.61	45.23	44.68
89.84	37.78	32.04
84.17	31.31	24.96
95.76	26.98	22.71
112.49	21.06	21.24
119.75	11.78	16.30
116.03	3.23	8.24
104.00	0.55	0.67
85.08	3.36	-3.97
60.91	7.26	-4.88
34.79	8.67	-3.66
11.23	7.69	-2.26
-7.02	6.77	-1.22
-20.69	7.39	-1.34
-37.72	8.06	-3.42
-65.37	4.64	-5.74
-93.99	-13.37	-5.07
-88.87	-16.66	-2.44
-89.60	-17.27	-1.28
-98.94	-20.14	-3.66
-109.25	-26.37	-8.30
-114.99	-35.34	-12.57
-103.76	-43.46	-16.66
-69.09	-43.15	-20.87
-20.14	-33.02	-23.25
30.58	-21.55	-22.22
68.48	-15.14	-18.43
86.24	-9.64	-10.68
93.57	-7.87	-11.54
135.56	-7.08	-14.22
160.89	-6.10	-13.37
160.64	-6.23	-11.78
137.08	-8.48	-10.74
120.18	-9.70	-10.74
112.43	-6.71	-10.74
96.68	-1.16	-10.01
64.27	2.38	-9.03
21.36	1.46	-8.97
-15.14	-2.87	-10.01
-32.04	-7.32	-10.31
