-10.68	1.46	-21.18
-13.92	1.10	-24.29
-15.08	0.49	-25.82
-14.16	0.67	-26.49
-9.89	6.04	-29.30
-9.70	10.38	-32.47
-12.08	13.24	-35.52
-16.60	13.18	-38.02
-21.97	12.02	-41.14
-26.25	12.39	-44.98
-29.48	16.17	-47.61
-33.14	22.95	-47.00
-37.60	31.07	-43.95
-42.18	38.64	-41.38
-45.41	43.46	-42.66
-46.45	45.78	-48.03
-44.98	47.79	-53.83
-41.32	50.35	-56.03
-37.96	52.37	-52.55
-39.31	52.37	-44.25
-65.37	41.93	-19.65
-44.56	31.74	-11.11
-23.50	31.56	2.44
-46.33	35.46	21.61
-65.49	35.77	29.30
-78.06	34.55	31.43
-75.13	31.98	27.10
-71.59	32.78	29.66
-76.17	37.23	43.52
-77.09	37.41	47.00
-79.96	32.96	45.65
-98.69	22.83	53.22
-111.57	16.48	60.00
-131.04	6.23	62.68
-148.56	-2.26	53.53
-168.40	-9.16	53.65
-191.89	-18.19	56.15
-208.37	-27.22	56.40
-214.54	-34.85	52.80
-217.65	-41.69	48.58
-226.62	-48.89	48.16
-244.38	-57.62	51.88
-268.55	-67.93	56.27
-294.37	-78.19	57.01
-314.15	-86.49	51.51
-323.36	-90.39	41.38
-324.10	-89.48	32.29
-317.81	-85.94	28.38
-305.97	-82.28	28.44
-294.43	-80.08	30.76
-287.90	-78.37	34.42
-284.12	-76.29	37.78
-277.22	-73.67	39.12
-262.82	-70.37	38.02
-245.91	-66.41	35.77
-235.66	-62.38	34.24
-231.93	-58.41	34.18
-227.11	-54.20	35.28
-219.60	-49.68	36.80
-209.11	-40.83	41.56
-217.59	-38.39	39.92
-226.75	-38.51	33.81
-229.86	-36.50	34.67
-240.78	-34.91	38.09
-253.36	-33.94	42.91
-255.55	-30.33	47.55
-237.37	-22.89	49.38
-208.25	-16.30	46.57
-193.48	-15.44	40.28
-200.99	-19.53	32.53
-212.40	-22.03	23.99
-206.18	-20.75	20.75
-205.44	-23.13	27.22
-204.90	-24.72	32.71
-196.84	-24.05	35.40
-184.02	-21.91	36.32
-174.80	-20.39	37.29
-175.42	-21.91	38.45
-184.14	-27.34	39.49
-192.81	-33.08	40.77
-188.60	-34.36	42.18
-165.53	-30.46	42.85
-137.82	-24.05	42.48
-115.05	-19.53	41.32
-92.96	-18.86	39.61
-75.44	-20.94	38.51
-67.02	-23.74	38.94
-66.16	-24.78	40.65
-66.47	-23.56	42.66
-61.16	-21.30	44.37
-33.20	-17.46	43.82
-16.11	-14.83	42.85
-1.59	-11.78	42.18
7.75	-9.34	41.69
10.56	-8.79	40.71
5.92	-10.01	40.34
-2.26	-10.74	42.18
-5.25	-8.48	46.08
0.37	-3.60	49.38
13.79	0.61	48.77
36.62	0.98	44.01
67.02	-1.59	37.41
94.54	-4.82	31.43
106.02	-7.51	28.50
96.25	-8.30	29.05
74.95	-8.42	31.19
60.55	-10.31	32.96
96.31	-16.72	33.02
138.37	-16.54	29.79
167.05	-8.67	21.06
151.31	-2.32	17.40
146.97	0.73	15.01
201.90	-1.77	17.82
246.95	2.93	19.41
286.13	10.38	19.47
299.50	13.92	18.62
274.96	12.02	17.88
224.73	6.65	16.85
169.86	-2.32	15.08
127.26	-13.79	14.53
105.71	-21.42	16.05
107.48	-21.12	17.52
130.43	-15.56	16.60
160.16	-8.67	15.08
175.29	-6.16	14.89
168.52	-12.88	13.37
146.73	-22.22	9.52
123.29	-26.61	4.33
106.08	-26.73	-0.61
97.11	-21.36	-1.34
94.91	-17.82	5.74
94.18	-15.44	8.42
105.04	-10.99	9.34
165.77	0.55	8.42
183.41	2.44	7.75
165.34	2.32	9.03
158.87	8.00	9.70
171.45	17.46	5.68
175.84	17.46	8.24
168.15	11.35	26.49
168.70	16.85	45.47
177.31	28.50	51.03
186.34	32.47	41.38
189.03	29.85	23.44
192.57	31.49	9.95
247.74	62.99	18.13
299.44	83.80	32.78
337.34	97.53	48.83
348.63	100.22	61.71
333.31	94.73	69.40
298.03	86.36	72.20
261.23	80.08	71.04
242.37	78.67	68.54
247.50	81.97	66.96
269.23	87.83	65.80
292.05	93.02	63.60
301.57	94.54	60.36
292.11	91.86	57.13
265.38	85.39	55.18
229.43	76.78	54.50
200.07	69.95	54.44
206.60	69.46	54.75
220.09	71.35	53.34
220.34	68.12	50.17
214.97	60.30	45.35
211.24	53.22	40.16
205.26	49.62	35.46
196.47	48.58	31.37
189.03	47.79	28.99
185.12	45.78	29.97
183.47	43.15	35.22
182.37	41.56	42.66
180.18	41.32	47.30
172.06	41.02	45.10
156.68	38.76	36.32
136.84	35.22	26.37
116.52	33.26	21.00
98.33	33.08	21.06
86.12	32.78	23.32
84.17	31.80	25.70
85.63	30.40	28.56
79.16	28.26	32.17
63.90	25.45	35.89
46.57	23.99	43.82
34.97	25.02	54.99
31.74	24.48	55.85
21.24	15.26	17.27
14.40	18.13	16.85
7.75	18.74	17.94
1.53	15.26	17.46
-4.15	9.46	16.11
-8.61	5.68	15.75
-11.60	6.35	17.03
-15.26	10.19	18.86
-21.00	14.22	19.29
-32.04	18.92	16.85
-36.25	19.65	15.56
-44.80	16.05	11.11
-45.29	12.45	6.59
-39.98	10.62	2.44
-31.07	11.66	0.37
-22.52	14.34	0.37
-16.36	16.91	1.59
-12.88	18.62	2.99
-13.12	19.35	3.85
-17.58	18.80	4.15
-23.44	17.27	4.27
-25.57	15.38	4.76
-21.24	13.73	5.19
-13.79	12.33	4.94
-8.97	10.38	4.64
-8.06	9.16	5.13
-8.24	11.11	5.49
-8.30	14.47	4.21
-8.91	15.14	1.53
-9.34	12.70	-0.92
-7.51	8.18	-2.08
-7.14	7.39	-2.26
-9.22	5.68	-2.50
-12.21	3.23	-2.08
-12.51	2.08	-0.67
-9.22	2.32	1.22
-4.46	2.26	3.23
-0.79	0.43	4.82
1.10	-1.59	4.76
2.75	-1.28	2.62
3.78	0.37	-0.67
2.81	0.49	-3.30
0.55	-1.10	-4.03
-2.50	-2.08	-3.48
-2.32	-1.59	-3.78
-1.34	-2.20	-3.78
