-4.94	-2.62	0.92
-0.49	-5.00	1.71
0.43	-5.43	1.83
-0.43	-3.66	1.34
-1.77	-1.16	0.55
-9.95	2.75	0.31
-10.38	2.44	0.00
-5.49	2.38	-0.55
-0.31	2.75	-1.71
-13.24	0.18	-0.49
-23.93	-0.49	-0.31
-34.18	-0.98	-0.67
-37.84	-1.34	-0.85
-36.32	-1.65	-0.79
-34.97	-1.77	-2.01
-35.58	-0.73	-6.29
-43.88	2.01	-12.39
-59.20	5.19	-16.54
-73.79	7.14	-17.09
-84.11	6.10	-14.22
-82.58	2.14	-9.28
-68.24	-2.50	-5.92
-56.82	-6.23	-7.20
-59.75	-8.97	-12.51
-109.37	-13.98	-30.58
-102.60	-18.31	-17.52
-54.75	-17.94	-8.36
-16.66	-13.18	-9.77
1.77	-5.49	-17.09
2.32	0.98	-22.09
-1.83	3.60	-20.20
-0.79	2.50	-13.73
12.15	-0.67	-6.96
30.82	-4.39	-1.77
42.97	-6.90	1.65
51.94	-6.59	2.50
61.83	-4.21	0.06
69.34	-2.20	-3.66
73.06	-2.38	-5.92
75.68	-4.46	-6.04
80.44	-6.77	-4.46
88.75	-8.24	-2.44
103.94	-9.83	-1.40
135.74	-13.61	-1.53
195.56	-21.06	0.24
273.19	-35.10	4.94
334.84	-53.65	6.29
365.91	-68.73	-1.34
352.84	-88.44	-25.63
318.73	-98.08	-31.68
253.91	-98.94	-33.02
144.78	-82.40	-33.63
50.11	-47.36	-40.28
24.05	-1.46	-58.47
46.87	44.80	-84.53
87.04	83.31	-104.74
116.27	106.45	-104.98
104.43	108.40	-83.74
54.44	92.41	-55.85
1.95	73.06	-35.34
-26.79	63.35	-24.60
-37.54	61.89	-20.39
-50.84	59.94	-20.14
-105.59	40.34	-20.39
-127.20	29.91	-15.62
-130.25	19.47	2.75
-137.45	15.62	16.72
-166.14	9.46	37.29
-150.45	12.02	26.79
-137.94	14.71	27.89
-133.91	15.81	37.35
-142.76	15.44	49.44
-164.12	15.62	57.98
-205.02	14.95	55.24
-223.57	14.22	49.62
-245.24	11.05	47.18
-260.13	3.42	48.16
-261.84	-8.06	48.16
-255.00	-20.32	42.85
-257.45	-26.18	35.03
-270.39	-23.74	27.65
-287.05	-18.49	19.04
-311.83	-15.26	10.44
-334.17	-17.33	6.53
-340.39	-25.21	10.38
-323.12	-39.86	26.18
-312.38	-45.53	26.98
-296.63	-48.52	24.17
-279.42	-50.78	21.91
-265.75	-52.98	20.94
-253.60	-54.87	20.87
-243.16	-54.26	20.14
-233.52	-50.05	18.74
-220.70	-44.13	17.94
-208.62	-39.55	18.25
-200.62	-37.72	18.07
-190.49	-39.67	16.30
-193.12	-41.08	18.07
-203.92	-41.69	21.55
-222.78	-41.93	26.37
-241.58	-42.30	31.56
-239.93	-43.21	33.20
-223.14	-43.46	29.97
-214.48	-41.20	27.59
-213.38	-37.05	30.52
-216.98	-33.33	36.87
-230.77	-32.29	42.66
-248.35	-34.55	45.29
-252.01	-37.66	41.81
-232.79	-38.33	32.53
-201.66	-39.73	24.66
-173.89	-42.48	23.25
-155.76	-40.47	26.73
-145.69	-32.96	32.59
-130.55	-25.76	37.17
-85.75	-25.51	30.03
-84.17	-26.18	20.87
-112.06	-26.61	22.09
-126.46	-23.56	29.79
-98.33	-23.74	32.41
-84.29	-30.27	29.97
-90.88	-39.73	24.84
-103.64	-46.57	20.87
-111.33	-48.03	21.61
-106.93	-44.31	28.26
-99.00	-38.21	36.25
-92.65	-32.78	40.95
-74.16	-26.55	43.21
-76.42	-25.76	45.90
-83.44	-29.91	63.35
-75.62	-34.12	72.63
-79.47	-37.23	71.35
-55.11	-29.54	47.30
-5.98	-21.36	38.21
49.44	-6.04	42.85
65.31	1.22	43.40
70.98	6.35	41.87
73.61	6.53	37.66
76.84	0.49	32.17
80.51	-9.46	25.94
92.71	-17.70	20.32
114.01	-17.82	19.84
127.20	-8.91	25.15
122.25	2.26	31.13
101.26	7.57	33.94
75.93	3.23	35.03
63.17	-7.57	36.07
72.33	-16.78	34.85
95.95	-18.19	30.82
116.76	-12.21	26.79
122.62	-4.15	23.86
117.80	1.53	20.32
113.59	4.03	16.97
106.57	3.11	16.91
85.39	-4.39	19.90
56.64	-16.91	24.17
44.92	-25.51	28.02
60.00	-24.23	30.76
87.34	-15.20	33.08
105.53	-3.97	35.95
96.13	4.64	38.51
61.58	5.13	38.64
27.40	-3.23	35.40
15.56	-13.31	31.25
28.81	-17.03	29.17
92.41	-2.26	31.98
124.88	14.77	27.04
144.10	30.33	17.27
160.22	26.18	24.78
168.46	25.09	29.42
161.62	20.02	25.88
150.15	12.33	15.99
142.76	9.95	8.18
139.71	18.49	8.30
145.87	35.77	13.55
173.28	55.73	16.24
215.15	70.56	12.21
253.78	75.07	3.42
288.02	73.85	-5.62
323.43	74.46	-11.29
359.62	79.04	-13.79
394.90	86.79	-14.10
422.91	94.91	-11.11
433.29	98.88	-4.76
425.05	98.14	2.26
412.66	96.07	6.84
409.18	96.19	9.40
407.90	97.84	13.43
402.22	99.00	21.00
396.36	100.46	30.27
392.09	101.75	37.11
379.09	97.23	39.73
339.60	85.82	37.54
205.08	66.59	18.07
187.07	64.51	23.93
181.34	61.77	32.90
181.82	60.91	38.76
183.78	65.25	40.16
184.69	72.81	38.57
177.86	77.76	36.13
163.02	78.06	33.45
148.50	76.35	30.46
140.08	73.30	28.81
136.90	68.54	31.49
137.51	63.60	38.21
136.47	60.55	45.17
129.58	59.02	48.28
117.37	56.58	47.30
104.49	52.43	46.26
97.29	47.67	48.10
96.80	42.36	51.82
99.91	36.44	55.54
103.76	31.07	62.87
109.44	29.17	85.45
115.17	32.90	109.68
113.71	36.68	105.04
100.22	35.77	79.10
77.82	33.08	59.14
53.71	30.52	52.31
33.02	26.92	49.01
19.23	22.83	43.09
12.27	20.39	37.48
12.02	20.69	35.95
17.52	23.07	37.96
23.50	26.61	41.02
24.72	30.40	42.97
19.17	31.62	42.79
9.09	29.54	41.63
-2.75	25.76	40.04
-14.53	19.78	36.80
-21.73	11.66	31.74
-19.10	5.62	27.04
-8.18	4.09	24.41
2.75	5.98	24.11
8.61	9.77	25.02
7.87	14.40	25.70
1.16	16.91	25.57
-6.84	15.01	24.66
-9.40	10.68	23.56
-4.27	7.57	23.19
4.58	7.14	23.93
12.15	7.93	25.45
15.75	8.73	26.73
13.85	9.46	26.92
-1.10	12.88	23.25
-10.07	14.65	15.99
-3.72	9.64	14.40
7.20	8.00	15.50
12.27	7.93	15.38
14.22	7.81	14.71
10.44	7.57	13.24
2.81	7.63	11.54
-3.17	7.69	10.80
-3.78	6.65	11.47
-0.49	4.52	13.06
2.99	1.83	14.59
4.21	-0.31	15.38
4.15	-0.31	15.20
3.97	2.08	13.92
2.75	4.70	12.39
-0.12	5.68	11.29
-6.29	3.54	10.99
-1.83	2.01	9.58
2.38	1.34	7.51
3.48	0.37	4.46
0.61	-0.61	1.53
-3.66	-1.28	-0.61
-5.19	-1.40	-1.40
