-2.38	-2.08	-1.89
-2.56	-1.95	-2.56
-2.56	-1.71	-2.87
-2.69	-1.34	-3.30
-3.42	-0.98	-3.78
-4.70	-0.55	-4.15
-6.16	-0.18	-4.82
-7.14	0.12	-5.74
-7.02	0.00	-6.47
-5.98	-0.49	-6.71
-4.76	-1.22	-6.10
-3.66	-1.71	-5.07
-2.81	-1.65	-4.27
-2.26	-1.22	-3.78
-1.65	-0.92	-3.30
0.85	-2.75	-3.05
1.65	-6.10	-3.05
0.49	-5.62	-2.69
-1.22	-5.13	-2.81
-2.14	-5.74	-3.85
-1.46	-7.63	-4.94
0.55	-10.62	-5.19
3.23	-13.67	-4.64
7.57	-13.37	-2.62
4.15	-9.95	-3.60
2.44	-13.00	-6.84
4.88	-17.21	-9.64
11.60	-19.47	-9.77
19.23	-19.47	-7.63
23.80	-18.55	-5.43
23.93	-17.21	-4.52
20.63	-15.93	-5.07
11.05	-15.44	-5.68
14.71	-19.41	-0.61
18.19	-20.94	2.62
18.13	-21.48	4.46
14.53	-19.96	5.07
8.85	-17.52	4.52
2.99	-15.99	2.75
-0.79	-14.95	0.85
-1.28	-13.85	-0.18
0.67	-13.31	-0.49
3.11	-13.24	-0.73
6.71	-12.08	-0.73
7.75	-9.77	1.34
8.00	-8.67	3.23
6.53	-12.15	-0.73
3.91	-12.88	-4.27
0.73	-11.47	-6.10
-1.53	-8.12	-5.13
-2.20	-4.46	-2.62
-2.14	-3.17	-1.34
-2.81	-4.82	-3.05
-4.33	-6.96	-6.77
-4.76	-6.47	-10.56
-2.87	-3.78	-13.98
0.31	-1.22	-18.25
2.69	0.31	-23.68
4.21	2.14	-29.30
6.41	6.53	-33.51
8.91	14.04	-35.77
10.31	21.00	-37.72
10.31	23.93	-41.32
9.58	23.44	-45.84
9.28	22.28	-48.03
11.35	21.61	-45.90
17.03	20.94	-40.34
24.60	20.32	-33.75
30.88	20.26	-28.08
33.45	20.51	-24.72
31.13	21.12	-23.62
24.05	21.85	-22.89
14.16	21.67	-20.75
4.88	20.14	-17.09
-0.18	18.80	-13.73
-0.67	19.71	-12.70
1.65	23.01	-14.89
5.07	27.04	-18.49
7.20	30.09	-20.81
5.80	30.82	-21.06
1.53	28.99	-20.87
-2.26	26.31	-22.46
-3.78	25.51	-25.39
-4.09	27.16	-26.73
-4.76	29.85	-25.51
-5.74	32.53	-22.77
-4.70	34.67	-20.08
7.75	33.14	-18.01
12.39	30.03	-18.25
10.01	26.67	-18.74
1.59	24.84	-18.37
-7.26	25.70	-16.30
-12.21	28.38	-13.06
-13.31	30.46	-10.68
-11.84	30.46	-10.50
-8.73	28.99	-11.35
-6.04	27.47	-10.99
-6.04	27.65	-9.70
-10.07	30.76	-9.46
-24.60	36.80	-13.37
-29.60	35.64	-14.40
-29.66	32.29	-13.55
-24.54	27.59	-11.11
-16.42	21.42	-7.32
-9.58	14.59	-3.48
-8.24	9.22	-0.79
-14.77	8.12	0.98
-28.08	11.17	3.05
-58.78	19.53	12.33
-67.87	21.48	18.74
-70.80	21.12	22.95
-69.15	18.62	24.35
-63.35	14.16	30.64
-64.33	14.59	38.94
-71.23	15.38	48.28
-83.19	14.16	54.69
-94.18	9.40	53.71
-98.82	2.81	45.04
-97.72	-1.34	35.58
-95.89	-2.01	31.98
-99.43	-1.59	34.48
-109.80	-1.95	38.82
-123.41	-3.05	41.02
-134.83	-3.60	40.16
-141.36	-3.78	38.39
-145.87	-6.53	42.24
-160.22	-12.88	50.48
-206.60	-26.86	53.65
-265.62	-40.22	51.27
-303.71	-46.75	41.99
-340.58	-51.51	50.05
-354.80	-52.61	54.02
-384.03	-49.32	54.57
-404.17	-46.39	54.69
-401.06	-44.49	53.28
-375.00	-44.74	49.50
-351.26	-46.63	46.02
-342.10	-47.79	44.74
-347.29	-47.49	42.79
-365.66	-47.18	39.73
-391.97	-47.24	39.79
-415.41	-47.91	43.46
-335.57	-39.92	49.87
-237.61	-34.91	40.77
-154.54	-23.19	35.71
-161.56	-8.00	41.26
-192.32	-13.18	43.03
-168.40	-26.73	40.22
-120.48	-10.38	42.60
-77.03	4.64	39.67
-77.58	-2.56	34.97
-90.94	-14.10	31.01
-101.26	-23.13	29.36
-98.88	-26.55	31.49
-90.58	-23.62	36.87
-85.27	-14.40	42.97
-81.05	-2.26	47.61
-71.72	5.31	48.71
-59.75	0.98	44.86
-53.47	-14.16	38.21
-54.87	-28.69	33.87
-63.11	-24.60	35.83
-70.74	-0.55	41.81
-66.47	3.60	41.81
-52.55	-1.65	39.31
-37.96	-11.41	36.62
-30.21	-18.86	33.63
-30.03	-20.51	29.79
-34.42	-16.66	26.12
-39.06	-10.68	24.41
-38.02	-5.43	25.09
-31.43	-2.08	27.04
-27.65	-0.79	28.81
-29.60	-0.43	29.42
-31.62	-0.43	28.63
-29.17	-0.85	27.34
-24.60	-1.10	26.18
-22.64	-0.85	24.60
-22.89	0.37	22.58
-18.25	3.11	21.00
-5.37	6.04	19.96
16.24	6.23	17.94
44.92	3.36	13.73
67.75	-0.79	8.54
66.47	-3.85	5.74
47.12	-3.36	4.94
34.48	-1.22	3.60
39.06	-0.49	2.56
54.69	-3.54	2.62
64.76	-9.95	3.97
67.81	-14.34	5.62
91.31	-11.78	5.49
86.91	-9.34	8.30
73.85	-7.26	10.07
71.84	-6.16	6.53
83.31	-5.13	-1.40
100.59	-3.48	-9.52
120.00	-3.78	-14.53
133.24	-6.59	-16.66
140.26	-9.77	-16.60
156.80	-11.29	-14.10
184.14	-10.13	-9.70
206.36	-8.30	-5.00
210.14	-7.75	-1.83
188.84	-9.64	-0.98
156.49	-14.65	-2.26
144.96	-19.53	-5.37
152.22	-20.02	-7.14
150.88	-16.42	-3.05
139.04	-13.12	3.91
130.68	-9.64	7.26
125.98	-5.62	5.80
117.49	-6.35	1.77
97.96	-10.56	-1.59
72.69	-12.70	-2.62
56.34	-13.24	-2.01
46.26	-14.22	-0.73
34.79	-14.95	1.34
21.36	-14.59	5.19
1.65	-14.10	10.56
-28.50	-13.43	17.09
-69.52	-12.82	25.09
-119.81	-15.08	33.20
-171.57	-20.39	39.18
-217.96	-25.51	42.05
-257.39	-28.26	42.91
-290.28	-28.20	43.33
-317.26	-25.09	44.68
-337.83	-21.18	47.67
-348.88	-19.78	51.15
-338.50	-21.48	51.88
-307.80	-24.23	48.52
-271.85	-25.15	42.79
-227.72	-23.32	35.64
-173.71	-18.98	27.47
-116.39	-12.94	19.71
-59.14	-7.93	13.55
-15.32	-6.84	9.95
10.31	-9.34	9.58
35.16	-11.66	10.44
66.28	-9.89	8.91
97.96	-4.15	5.31
128.30	3.17	0.98
152.40	9.58	-2.93
169.25	12.27	-5.55
187.32	10.62	-6.71
214.11	6.84	-6.96
248.84	4.46	-6.96
285.28	6.96	-7.39
317.63	15.50	-8.67
336.49	25.02	-10.62
322.39	27.95	-12.57
260.99	21.91	-13.31
181.88	9.22	-13.06
129.94	0.24	-13.92
112.61	1.34	-15.75
115.54	5.13	-16.97
125.43	6.59	-16.72
139.40	8.48	-16.24
155.46	11.54	-17.70
161.68	11.90	-21.67
153.08	10.25	-25.57
142.40	10.99	-26.00
139.22	13.67	-21.73
143.98	17.46	-15.50
145.63	21.18	-11.78
134.58	21.42	-12.76
124.15	19.23	-17.03
123.72	16.54	-21.30
122.80	13.79	-23.56
116.27	14.53	-24.29
102.54	15.56	-23.13
86.12	-4.70	-16.11
110.05	-32.17	1.34
147.16	-20.75	19.78
144.71	9.09	21.42
128.66	14.34	7.93
122.13	4.76	-3.85
121.83	2.75	-6.65
110.29	9.16	-5.13
78.12	15.69	-3.36
31.80	19.53	-0.85
-15.01	20.02	2.87
-54.75	14.47	6.90
-82.76	3.72	9.64
-73.97	-5.74	7.93
-48.77	0.06	4.82
-8.67	7.81	-0.61
11.90	-3.48	4.58
19.90	-6.53	11.41
26.00	-8.73	18.25
32.17	-8.61	26.31
40.16	-4.58	34.97
75.93	12.51	45.23
90.45	18.68	41.38
92.22	16.36	34.12
86.98	10.56	27.83
80.14	6.84	23.25
78.49	5.92	18.13
84.66	7.26	12.39
93.44	10.68	9.22
102.60	16.30	10.62
109.01	21.48	14.65
107.97	22.83	16.97
103.39	20.75	14.34
104.86	18.01	8.36
114.62	17.09	5.13
127.08	18.37	8.30
136.72	19.35	14.34
140.50	18.13	19.10
140.93	16.66	22.52
139.59	16.91	23.86
115.84	11.66	12.57
100.28	6.65	3.85
93.87	3.78	-0.79
97.05	3.78	-0.49
102.42	5.74	1.46
106.08	8.48	2.81
111.21	10.93	4.27
119.93	12.82	7.75
129.46	13.37	13.73
134.34	10.80	21.30
131.84	6.41	27.71
122.25	3.72	27.53
109.68	1.16	19.59
101.56	-1.95	10.50
103.58	-1.40	8.67
122.62	5.98	18.37
170.65	22.52	46.08
201.17	29.79	75.50
171.81	11.66	73.24
95.40	-5.19	8.12
94.54	4.21	-9.34
111.21	12.33	-1.28
107.12	12.70	13.24
97.60	13.61	28.02
90.64	15.20	37.54
91.31	16.85	39.73
97.72	18.37	38.33
103.58	18.98	38.21
104.55	18.01	41.08
103.33	16.48	45.35
103.94	15.93	49.19
103.33	17.09	51.33
94.91	19.78	50.72
80.32	23.56	47.85
70.37	28.32	44.80
71.59	34.00	42.72
79.65	38.94	42.18
87.83	41.38	43.27
94.18	41.32	45.47
98.75	39.31	48.83
102.78	37.96	52.00
103.70	40.34	51.94
85.69	42.72	45.59
79.90	39.61	47.55
79.59	37.48	54.57
82.15	38.64	62.26
84.96	44.74	66.77
84.23	55.30	67.38
77.03	66.53	63.78
64.88	73.00	55.54
50.48	71.47	44.01
37.60	64.27	33.08
32.04	56.52	26.67
33.81	49.01	26.06
37.96	40.04	29.97
41.87	31.68	34.85
45.10	27.28	36.99
46.08	28.02	35.95
41.20	31.74	34.06
29.36	34.79	32.84
17.03	35.16	31.86
13.43	32.65	30.58
22.52	28.63	29.66
38.57	24.84	30.27
52.19	21.42	32.84
59.33	17.88	37.05
61.22	14.95	41.93
58.11	14.04	50.48
60.18	17.94	50.17
62.99	22.89	44.31
62.07	27.16	39.55
63.11	34.48	52.55
65.92	37.17	74.46
59.02	24.17	73.97
45.78	7.08	51.70
41.14	2.44	34.06
46.63	8.36	32.35
52.55	14.10	35.77
50.90	14.95	33.75
40.16	11.66	26.43
23.80	7.32	18.86
5.68	4.52	13.00
-11.23	3.85	7.45
-22.89	4.64	2.08
-27.04	6.35	-1.59
-26.92	7.45	-3.48
-26.18	6.47	-4.39
-23.74	4.03	-4.64
-26.43	3.85	-6.77
-28.63	-0.06	-7.26
-24.66	-4.03	-5.55
-13.49	-4.58	-2.87
-1.89	-3.60	-1.59
3.30	-4.27	-1.71
3.54	-4.52	-2.38
2.38	-0.31	-2.01
-3.85	-0.85	0.06
-3.05	-2.62	0.31
-2.14	-5.37	0.49
-6.04	-10.19	-0.43
-7.45	-9.46	-0.98
-7.51	-6.90	-1.16
-9.09	-4.94	-1.59
-13.79	-5.19	-2.99
-18.31	-6.90	-5.07
-17.64	-7.08	-6.16
-11.78	-4.52	-5.43
-5.98	-2.14	-3.91
-4.88	-1.89	-2.93
-8.61	-2.62	-2.99
-13.92	-3.78	-3.97
-16.54	-4.76	-4.82
-15.01	-4.46	-4.76
-12.21	-3.36	-3.97
-11.47	-2.93	-3.48
-14.22	-5.13	-3.23
-11.54	-5.49	-2.50
-5.80	-4.46	-1.22
-1.22	-3.17	-0.12
-0.98	-2.93	0.18
-3.54	-3.78	-0.49
