-14.47	6.59	-91.86
-14.47	6.59	-91.86
-19.35	26.31	-84.47
-21.85	43.95	-76.11
-20.45	56.52	-66.41
-16.36	62.99	-55.11
-12.08	63.66	-42.30
-8.42	59.33	-28.93
-3.91	50.05	-17.94
1.59	37.54	-11.90
6.59	26.18	-8.79
10.31	21.30	-3.60
10.93	25.21	7.20
8.36	35.77	21.85
3.72	47.49	35.22
-5.68	56.27	45.65
-21.79	62.07	55.54
-39.61	66.16	66.53
-49.62	69.03	79.28
-48.58	70.31	93.32
-44.37	70.19	107.24
-43.95	70.01	119.87
-46.20	71.17	130.98
-41.32	76.11	145.45
-32.17	77.09	145.14
-27.22	75.44	139.77
-35.10	71.23	133.00
-56.15	65.61	127.08
-81.60	59.88	119.08
-104.74	53.77	104.61
-124.69	45.78	82.34
-145.14	35.40	55.36
-172.06	24.35	29.05
-201.11	15.01	8.36
-219.24	8.06	-4.15
-220.95	2.32	-8.85
-214.23	-4.70	-9.09
-213.99	-14.89	-9.46
-224.91	-27.83	-12.70
-237.98	-41.63	-17.82
-245.36	-54.02	-22.52
-246.46	-62.93	-25.70
-244.14	-66.77	-27.28
-242.25	-65.19	-27.53
-242.61	-59.88	-26.73
-244.38	-53.83	-25.15
-242.61	-49.56	-23.19
-231.14	-47.49	-20.75
-211.06	-46.51	-17.94
-191.16	-45.84	-16.48
-179.50	-45.35	-17.52
-174.80	-41.81	-17.58
-168.76	-37.11	-13.98
-153.50	-31.13	-9.89
-131.41	-26.67	-7.39
-111.94	-25.76	-8.36
-101.44	-27.47	-12.21
-86.67	-30.33	-9.58
-70.07	-27.77	0.79
-51.45	-22.89	10.74
-40.28	-20.63	14.47
-41.69	-23.44	11.54
-50.05	-28.44	6.47
-55.79	-32.35	4.03
-54.50	-34.00	4.88
-44.37	-33.08	7.63
-26.12	-29.36	11.96
-5.49	-23.93	17.70
9.40	-22.22	21.06
0.31	-29.36	14.89
-10.68	-37.35	8.18
-7.26	-41.75	8.48
8.48	-39.25	14.16
25.76	-36.13	18.86
35.03	-33.94	15.81
25.21	-35.77	11.41
12.15	-38.70	8.79
4.52	-45.10	10.31
9.58	-46.20	12.63
13.31	-44.19	13.31
14.89	-39.55	11.23
17.58	-34.36	7.20
24.11	-30.76	2.87
33.02	-30.58	-0.73
40.77	-33.81	-2.26
46.57	-38.15	-0.12
51.21	-41.14	5.43
57.31	-41.69	12.51
65.31	-40.59	17.64
67.93	-38.64	17.33
57.37	-35.71	10.62
33.33	-31.56	0.67
1.83	-27.04	-7.81
-24.48	-23.80	-11.72
-35.40	-21.12	-10.07
-32.17	-17.21	-4.52
-22.16	-11.84	1.34
-12.08	-5.98	4.52
-6.16	-1.16	4.03
-9.77	0.79	-0.43
-24.23	-0.37	-7.63
-41.93	-2.01	-14.40
-55.11	-1.71	-17.94
-62.38	0.37	-18.49
-68.48	2.81	-19.04
-78.06	4.88	-22.64
-91.00	6.23	-29.05
-102.91	7.14	-35.16
-109.68	8.79	-38.70
-113.28	12.51	-40.16
-118.84	17.94	-41.63
-126.53	22.58	-44.25
-126.59	21.12	-43.76
-100.10	9.70	-31.80
-85.57	5.07	-26.25
-75.44	2.93	-22.64
-68.91	3.78	-20.51
-61.34	6.29	-18.07
-49.26	7.14	-13.06
-33.87	3.97	-4.88
-19.04	-2.44	4.39
-10.07	-9.16	11.47
-9.77	-13.79	13.98
-16.11	-15.44	12.33
-25.70	-15.08	8.00
-40.10	-14.28	-2.01
-28.99	-13.00	-0.79
-9.95	-13.37	7.93
6.84	-17.46	12.63
18.31	-17.52	12.21
72.27	-13.00	15.75
115.72	-15.01	22.89
161.32	-20.87	32.41
201.11	-27.77	41.56
229.61	-32.71	47.67
242.49	-33.81	49.99
223.94	-30.52	48.16
110.66	-14.89	28.81
68.48	-4.52	18.68
48.71	3.72	13.18
45.35	8.12	12.27
41.02	10.13	12.63
19.53	12.39	9.64
-16.78	16.24	2.20
-52.19	20.81	-6.96
-73.43	24.29	-14.77
-81.24	26.12	-19.23
-87.28	26.98	-21.48
-98.88	26.79	-24.78
-110.53	25.94	-30.70
-113.04	24.84	-36.50
-105.53	23.38	-38.02
-94.73	21.30	-33.81
-86.73	19.53	-27.47
-84.47	18.49	-23.44
-88.87	17.82	-23.01
-95.89	16.30	-25.33
-98.02	13.79	-27.40
-93.08	10.86	-26.92
-81.36	5.13	-23.13
-78.67	2.38	-21.48
-67.38	-3.17	-14.71
-55.85	-5.31	-8.24
-38.57	-8.00	-0.06
-16.85	-11.23	8.12
4.27	-13.73	14.34
18.55	-14.71	17.09
25.51	-15.32	16.78
33.33	-18.49	16.24
52.00	-25.82	18.98
84.84	-35.64	25.27
128.23	-44.49	33.14
176.64	-49.80	41.56
226.38	-49.87	51.70
272.52	-44.37	64.15
304.02	-35.58	76.54
315.00	-26.18	85.69
312.62	-17.76	90.76
298.95	-10.99	91.98
262.27	-6.71	86.67
211.85	-3.42	74.28
178.65	2.44	60.85
175.90	10.99	52.92
195.13	18.80	50.72
217.22	23.01	50.60
231.87	22.64	50.48
248.60	19.71	52.25
273.25	16.60	58.11
291.02	14.59	66.22
290.41	14.71	73.85
264.95	22.09	91.25
251.59	27.40	101.62
243.96	32.65	110.53
240.30	36.50	114.44
234.50	37.66	110.78
229.74	36.62	101.14
226.26	34.79	91.19
211.12	31.86	84.17
182.86	26.98	81.05
158.08	21.73	83.25
147.22	18.37	89.60
148.19	18.07	96.56
152.83	19.84	100.52
154.97	21.91	100.95
155.40	23.93	101.20
159.97	26.25	103.94
170.90	30.58	122.01
150.39	31.80	133.06
115.11	33.45	138.73
89.66	36.44	137.51
86.24	39.92	130.07
94.36	41.99	116.64
98.69	41.87	99.18
94.60	40.53	82.40
83.98	40.04	70.98
68.79	40.89	66.10
52.80	40.41	64.15
40.53	34.36	59.69
30.94	22.40	50.17
21.85	9.03	37.41
14.04	-0.49	24.41
6.71	-3.17	11.23
-4.03	0.43	-2.99
-21.79	6.16	-17.21
-45.72	8.48	-30.46
-70.37	6.04	-43.64
-91.49	1.22	-57.19
-107.54	-4.70	-69.34
-125.43	-13.43	-87.16
-131.84	-13.24	-91.92
-141.72	-11.47	-94.91
-153.63	-9.83	-97.17
-161.50	-9.77	-96.50
-162.29	-11.17	-90.88
-162.72	-13.18	-82.64
-173.22	-14.34	-78.55
-196.96	-13.43	-84.11
-228.33	-10.13	-96.92
-256.53	-6.04	-111.27
-267.76	-3.42	-122.56
-258.97	-3.23	-114.44
-259.28	-2.32	-101.93
-270.69	-1.46	-91.13
-283.57	-1.59	-83.98
-287.78	-2.20	-78.55
-278.08	-3.30	-72.81
-244.02	-7.75	-67.26
-240.17	-9.77	-67.93
-242.98	-10.01	-66.53
-239.56	-8.91	-61.40
-219.85	-6.90	-51.15
-186.04	-3.60	-36.56
-153.69	-1.04	-24.41
-138.55	-2.01	-21.61
-144.84	-5.62	-26.55
-163.76	-8.42	-33.14
-178.22	-7.93	-37.23
-155.76	-0.67	-31.62
-112.49	2.62	-21.18
-99.37	-6.04	-22.03
-103.58	-8.91	-21.42
-108.52	-7.20	-18.55
-105.59	-1.46	-13.67
-88.26	5.92	-6.84
-57.68	11.96	0.43
-27.95	12.94	4.70
-31.92	-2.93	-4.03
-73.91	-7.63	-12.21
-78.92	-3.11	-10.19
-73.43	0.67	-6.84
-64.94	2.01	-3.91
-59.14	0.12	-3.05
-60.00	-5.37	-5.07
-68.73	-12.51	-8.61
-78.80	-16.91	-11.05
-79.53	-15.38	-10.44
-64.94	-8.06	-6.16
-37.05	1.34	0.79
-2.99	8.12	8.48
30.46	9.70	15.32
60.91	6.35	21.85
88.75	0.98	29.66
110.96	-3.05	36.80
125.12	-5.74	39.61
138.06	-7.63	38.64
157.96	-8.06	37.96
183.96	-6.23	40.71
206.30	-3.17	46.63
213.32	-1.83	51.33
201.90	-4.46	49.19
182.37	-10.07	40.65
170.53	-15.56	32.41
177.00	-18.37	30.94
201.72	-16.97	38.51
230.71	-11.17	53.28
243.84	-3.23	67.63
236.88	4.27	73.18
223.08	11.41	69.58
217.90	15.62	63.84
228.76	12.70	61.89
256.77	4.03	65.25
299.56	-4.09	73.06
346.19	-7.02	83.25
375.67	-5.31	93.63
370.06	-0.49	104.55
327.94	5.43	115.66
263.31	9.64	120.00
199.89	11.11	112.18
159.79	13.55	97.05
147.16	20.81	84.59
152.16	32.10	80.02
162.72	43.03	81.85
168.09	51.39	88.01
161.93	57.86	96.37
111.69	69.40	109.99
81.54	73.91	112.12
57.68	76.35	108.52
36.50	76.48	98.21
12.27	75.26	82.09
-14.77	74.65	63.42
-36.93	75.56	46.02
-45.65	76.90	31.68
-38.94	76.23	21.61
-21.42	71.84	17.76
-1.40	62.07	20.14
12.08	47.24	25.76
11.78	30.03	30.76
-1.89	13.92	31.13
-21.12	1.28	23.13
-39.00	-6.23	5.74
